//TPQN: 50
//HmmVersion: 170101
0	0	1	CH	1	1	0	0	0	1	D5	0	P1-1-1	
50	50	1	CH	1	1	0	0	0	1	G2	0	P1-1-2	
56	56	1	CH	1	1	0	0	0	1	D3	0	P1-1-3	
62	62	1	CH	1	1	0	0	0	1	G3	0	P1-1-4	
68	68	1	CH	1	1	0	0	0	1	D4	0	P1-1-5	
74	74	1	CH	1	1	0	0	0	1	A#3	0	P1-1-6	
80	80	1	CH	1	1	0	0	0	1	G4	0	P1-1-7	
88	88	1	CH	1	1	0	0	0	1	A#4	0	P1-1-8	
94	94	1	CH	1	1	0	0	0	1	D4	0	P1-1-9	
103	103	1	CH	1	1	0	0	0	1	A#3	0	P1-1-10	
109	109	1	CH	1	1	0	0	0	1	D5	0	P1-1-11	
117	117	1	CH	1	1	0	0	0	1	G3	0	P1-1-12	
123	123	1	CH	1	1	0	0	0	1	A#5	0	P1-1-13	
131	131	1	CH	1	1	0	0	0	1	D3	0	P1-1-14	
137	137	1	CH	1	1	0	0	0	1	A5	0	P1-1-15	
146	146	1	CH	1	1	0	0	0	1	G2	0	P1-1-16	
152	152	1	CH	1	1	0	0	0	1	G5	0	P1-1-17	
160	160	1	CH	1	1	0	0	0	1	G1	0	P1-1-18	
172	172	1	CH	1	1	0	0	0	1	D5	0	P1-1-19	
222	222	1	CH	1	1	0	0	0	1	G2	0	P1-1-20	
228	228	1	CH	1	1	0	0	0	1	D3	0	P1-1-21	
234	234	1	CH	1	1	0	0	0	1	G3	0	P1-1-22	
240	240	1	CH	1	1	0	0	0	1	A#3	0	P1-1-23	
246	246	1	CH	1	1	0	0	0	1	D4	0	P1-1-24	
252	252	1	CH	1	1	0	0	0	1	A#4	0	P1-1-25	
260	260	1	CH	1	1	0	0	0	1	A#4	0	P1-1-26	
266	266	1	CH	1	1	0	0	0	1	G4	0	P1-1-27	
275	275	1	CH	1	1	0	0	0	1	D5	0	P1-1-28	
283	283	1	CH	1	1	0	0	0	1	A#3	0	P1-1-29	
289	289	1	CH	1	1	0	0	0	1	A#5	0	P1-1-30	
297	297	1	CH	1	1	0	0	0	1	A5	0	P1-1-31	
306	306	1	CH	1	1	0	0	0	1	D3	0	P1-1-32	
312	312	1	CH	1	1	0	0	0	1	D5	0	P1-2-1	
318	318	1	CH	1	1	0	0	0	1	G2	0	P1-2-2	
326	326	1	CH	1	1	0	0	0	1	A#4	0	P1-2-3	
332	332	1	CH	1	1	0	0	0	1	D3	0	P1-2-4	
341	341	1	CH	1	1	0	0	0	1	D5	0	P1-2-5	
349	349	1	CH	1	1	0	0	0	1	A#5	0	P1-2-6	
357	357	1	CH	1	1	0	0	0	1	A5	0	P1-2-7	
366	366	1	CH	1	1	0	0	0	1	G5	0	P1-2-8	
374	374	1	CH	1	1	0	0	0	1	D5	0	P1-2-9	
382	382	1	CH	1	1	0	0	0	1	A#4	0	P1-2-10	
391	391	1	CH	1	1	0	0	0	1	D5	0	P1-2-11	
399	399	1	CH	1	1	0	0	0	1	A#5	0	P1-2-12	
407	407	1	CH	1	1	0	0	0	1	A5	0	P1-2-13	
416	416	1	CH	1	1	0	0	0	1	G5	0	P1-2-14	
424	424	1	CH	1	1	0	0	0	1	D5	0	P1-2-15	
432	432	1	CH	1	1	0	0	0	1	A5	0	P1-2-16	
441	441	1	CH	1	1	0	0	0	1	C6	0	P1-2-17	
449	449	1	CH	1	1	0	0	0	1	A#5	0	P1-2-18	
457	457	1	CH	1	1	0	0	0	1	G5	0	P1-2-19	
465	465	1	CH	1	1	0	0	0	1	D#5	0	P1-2-20	
474	474	1	CH	1	1	0	0	0	1	A#4	0	P1-2-21	
483	483	1	CH	1	1	0	0	0	1	G4	0	P1-2-22	
489	489	1	CH	1	1	0	0	0	1	D3	0	P1-3-1	
581	581	1	CH	1	1	0	0	0	1	A4	0	P1-3-2	
589	589	1	CH	1	1	0	0	0	1	G4	0	P1-3-3	
639	639	1	CH	1	1	0	0	0	1	D4	0	P1-3-4	
645	645	1	CH	1	1	0	0	0	1	A#3	0	P1-3-5	
651	651	1	CH	1	1	0	0	0	1	D2	0	P1-3-6	
657	657	1	CH	1	1	0	0	0	1	A#3	0	P1-3-7	
663	663	1	CH	1	1	0	0	0	1	D4	0	P1-3-8	
669	669	1	CH	1	1	0	0	0	1	D2	0	P1-3-9	
675	675	1	CH	1	1	0	0	0	1	D5	0	P1-3-10	
725	725	1	CH	1	1	0	0	0	1	D4	0	P1-3-11	
775	775	1	CH	1	1	0	0	0	1	G4	0	P1-3-12	
781	781	1	CH	1	1	0	0	0	1	G3	0	P1-3-13	
787	787	1	CH	1	1	0	0	0	1	D3	0	P1-3-14	
793	793	1	CH	1	1	0	0	0	1	C5	0	P1-4-1	
843	843	1	CH	1	1	0	0	0	1	C4	0	P1-4-2	
893	893	1	CH	1	1	0	0	0	1	D#4	0	P1-4-3	
899	899	1	CH	1	1	0	0	0	1	G4	0	P1-4-4	
905	905	1	CH	1	1	0	0	0	1	D3	0	P1-4-5	
953	953	1	CH	1	1	0	0	0	1	A4	0	P1-4-6	
961	961	1	CH	1	1	0	0	0	1	G4	0	P1-4-7	
1011	1011	1	CH	1	1	0	0	0	1	D4	0	P1-4-8	
1017	1017	1	CH	1	1	0	0	0	1	A#3	0	P1-4-9	
1023	1023	1	CH	1	1	0	0	0	1	D2	0	P1-4-10	
1029	1029	1	CH	1	1	0	0	0	1	D4	0	P1-4-11	
1035	1035	1	CH	1	1	0	0	0	1	A#3	0	P1-4-12	
1041	1041	1	CH	1	1	0	0	0	1	D2	0	P1-4-13	
1047	1047	1	CH	1	1	0	0	0	1	E4	0	P1-4-14	
1097	1097	1	CH	1	1	0	0	0	1	C#4	0	P1-4-15	
1103	1103	1	CH	1	1	0	0	0	1	D2	0	P1-4-16	
1109	1109	1	CH	1	1	0	0	0	1	G3	0	P1-4-17	
1115	1115	1	CH	1	1	0	0	0	1	C#4	0	P1-4-18	
1121	1121	1	CH	1	1	0	0	0	1	G3	0	P1-4-19	
1127	1127	1	CH	1	1	0	0	0	1	D2	0	P1-4-20	
1133	1133	1	CH	1	1	0	0	0	1	F#4	0	P1-5-1	
1183	1183	1	CH	1	1	0	0	0	1	D2	0	P1-5-2	
1189	1189	1	CH	1	1	0	0	0	1	D4	0	P1-5-3	
1195	1195	1	CH	1	1	0	0	0	1	F#3	0	P1-5-4	
1243	1243	1	CH	1	1	0	0	0	1	A4	0	P1-5-5	
1251	1251	1	CH	1	1	0	0	0	1	G4	0	P1-5-6	
1301	1301	1	CH	1	1	0	0	0	1	D4	0	P1-5-7	
1307	1307	1	CH	1	1	0	0	0	1	A#3	0	P1-5-8	
1313	1313	1	CH	1	1	0	0	0	1	D2	0	P1-5-9	
1319	1319	1	CH	1	1	0	0	0	1	D4	0	P1-5-10	
1325	1325	1	CH	1	1	0	0	0	1	A#3	0	P1-5-11	
1331	1331	1	CH	1	1	0	0	0	1	D2	0	P1-5-12	
1337	1337	1	CH	1	1	0	0	0	1	D5	0	P1-5-13	
1387	1387	1	CH	1	1	0	0	0	1	D4	0	P1-5-14	
1437	1437	1	CH	1	1	0	0	0	1	G3	0	P1-5-15	
1443	1443	1	CH	1	1	0	0	0	1	D3	0	P1-5-16	
1449	1449	1	CH	1	1	0	0	0	1	A#4	0	P1-5-17	
1455	1455	1	CH	1	1	0	0	0	1	G4	0	P1-5-18	
1461	1461	1	CH	1	1	0	0	0	1	A#3	0	P1-5-19	
1467	1467	1	CH	1	1	0	0	0	1	A#4	0	P1-5-20	
1473	1473	1	CH	1	1	0	0	0	1	G4	0	P1-5-21	
1479	1479	1	CH	1	1	0	0	0	1	G3	0	P1-5-22	
1485	1485	1	CH	1	1	0	0	0	1	A#3	0	P1-5-23	
1491	1491	1	CH	1	1	0	0	0	1	D3	0	P1-5-24	
1497	1497	1	CH	1	1	0	0	0	1	E5	0	P1-6-1	
1547	1547	1	CH	1	1	0	0	0	1	E4	0	P1-6-2	
1597	1597	1	CH	1	1	0	0	0	1	A#4	0	P1-6-3	
1603	1603	1	CH	1	1	0	0	0	1	G4	0	P1-6-4	
1609	1609	1	CH	1	1	0	0	0	1	G3	0	P1-6-5	
1615	1615	1	CH	1	1	0	0	0	1	D3	0	P1-6-6	
1621	1621	1	CH	1	1	0	0	0	1	A#3	0	P1-6-7	
1669	1669	1	CH	1	1	0	0	0	1	G4	0	P1-6-8	
1677	1677	1	CH	1	1	0	0	0	1	G4	0	P1-6-9	
1727	1727	1	CH	1	1	0	0	0	1	E4	0	P1-6-10	
1733	1733	1	CH	1	1	0	0	0	1	A#3	0	P1-6-11	
1739	1739	1	CH	1	1	0	0	0	1	C#4	0	P1-6-12	
1745	1745	1	CH	1	1	0	0	0	1	D2	0	P1-6-13	
1751	1751	1	CH	1	1	0	0	0	1	A#3	0	P1-6-14	
1757	1757	1	CH	1	1	0	0	0	1	C#4	0	P1-6-15	
1763	1763	1	CH	1	1	0	0	0	1	D2	0	P1-6-16	
1769	1769	1	CH	1	1	0	0	0	1	E5	0	P1-6-17	
1819	1819	1	CH	1	1	0	0	0	1	E4	0	P1-6-18	
1869	1869	1	CH	1	1	0	0	0	1	C#5	0	P1-6-19	
1875	1875	1	CH	1	1	0	0	0	1	G4	0	P1-6-20	
1881	1881	1	CH	1	1	0	0	0	1	A#4	0	P1-6-21	
1887	1887	1	CH	1	1	0	0	0	1	D3	0	P1-6-22	
1893	1893	1	CH	1	1	0	0	0	1	A#3	0	P1-6-23	
1899	1899	1	CH	1	1	0	0	0	1	G3	0	P1-6-24	
1905	1905	1	CH	1	1	0	0	0	1	A#3	0	P1-6-25	
