//Version: PianoRoll_v170101
P1-1-1	0.000000	1.000000	B4	80	80	0
P1-1-2	1.000000	1.500000	C2	80	80	0
P1-1-3	1.500000	2.500000	C4	80	80	0
P1-1-4	2.500000	3.000000	G2	80	80	0
P1-1-5	3.000000	3.240000	G3	80	80	0
P1-1-6	3.240000	5.240000	C5	80	80	0
P1-1-7	5.240000	7.240000	E4	80	80	0
P1-1-8	7.240000	7.480000	F#3	80	80	0
P1-1-9	7.480000	7.720000	F3	80	80	0
P1-1-10	7.720000	7.960000	E3	80	80	0
P1-1-11	7.960000	8.200000	D#3	80	80	0
P1-1-12	8.200000	8.440000	D3	80	80	0
P1-1-13	8.440000	8.680000	C#3	80	80	0
P1-1-14	8.680000	8.920000	C3	80	80	0
P1-1-15	8.920000	9.160000	B2	80	80	0
P1-1-16	9.160000	11.160000	D4	80	80	0
P1-1-17	11.160000	11.400000	A#2	80	80	0
P1-1-18	11.400000	11.640000	A2	80	80	0
P1-1-19	11.640000	11.880000	G#2	80	80	0
P1-2-1	11.880000	12.120000	G2	80	80	0
P1-2-2	12.140000	12.380000	F#2	80	80	0
P1-2-3	12.380000	12.880000	A#4	80	80	0
P1-2-4	12.880000	13.120000	F2	80	80	0
P1-2-5	13.120000	15.120000	F#4	80	80	0
P1-2-6	15.120000	17.120000	C4	80	80	0
P1-2-7	17.120000	17.360000	E2	80	80	0
P1-2-8	17.360000	17.600000	D#2	80	80	0
P1-2-9	17.600000	18.600000	D4	80	80	0
P1-2-10	18.600000	18.840000	D2	80	80	0
P1-2-11	18.840000	19.080000	C#2	80	80	0
P1-2-12	19.080000	19.320000	D2	80	80	0
P1-2-13	19.320000	20.320000	A4	80	80	0
P1-2-14	20.320000	21.320000	F#4	80	80	0
P1-2-15	21.320000	22.320000	C4	80	80	0
P1-2-16	22.320000	22.560000	D#2	80	80	0
P1-2-17	22.560000	22.800000	D2	80	80	0
P1-2-18	22.800000	23.040000	C#2	80	80	0
P1-2-19	23.040000	23.540000	D4	80	80	0
P1-2-20	23.540000	23.780000	D2	80	80	0
P1-2-21	23.780000	24.020000	D3	80	80	0
P1-2-22	24.020000	24.260000	D2	80	80	0
P1-2-23	24.280000	24.780000	G4	80	80	0
P1-2-24	24.780000	25.280000	A#3	80	80	0
P1-2-25	25.280000	25.780000	D4	80	80	0
P1-2-26	25.780000	26.020000	D3	80	80	0
P1-3-1	26.020000	26.520000	A4	80	80	0
P1-3-2	26.520000	26.760000	D2	80	80	0
P1-3-3	26.760000	27.000000	D2	80	80	0
P1-3-4	27.000000	27.500000	A3	80	80	0
P1-3-5	27.500000	28.000000	E4	80	80	0
P1-3-6	28.000000	28.500000	C4	80	80	0
P1-3-7	28.500000	29.000000	F4	80	80	0
P1-3-8	29.000000	29.240000	D3	80	80	0
P1-3-9	29.240000	29.740000	D#4	80	80	0
P1-3-10	29.740000	30.240000	G3	80	80	0
P1-3-11	30.240000	30.480000	D2	80	80	0
P1-3-12	30.480000	30.980000	A#3	80	80	0
P1-3-13	30.980000	31.220000	D3	80	80	0
P1-3-14	31.220000	32.220000	D4	80	80	0
P1-3-15	32.220000	33.220000	F#3	80	80	0
P1-3-16	33.220000	33.460000	C#2	80	80	0
P1-3-17	33.460000	34.460000	C4	80	80	0
P1-3-18	34.460000	34.700000	D2	80	80	0
P1-3-19	34.700000	34.940000	D3	80	80	0
P1-3-20	34.940000	35.180000	D2	80	80	0
P1-3-21	35.180000	35.680000	E4	80	80	0
P1-3-22	35.680000	36.180000	G3	80	80	0
P1-3-23	36.180000	36.680000	C4	80	80	0
P1-3-24	36.680000	36.920000	D3	80	80	0
P1-3-25	36.920000	37.160000	G2	80	80	0
P1-3-26	37.160000	37.660000	C4	80	80	0
P1-3-27	37.660000	38.160000	F#4	80	80	0
P1-3-28	38.160000	38.660000	A3	80	80	0
P1-3-29	38.660000	38.900000	C#2	80	80	0
P1-3-30	38.900000	39.140000	D2	80	80	0
P1-3-31	39.140000	39.640000	G4	80	80	0
P1-3-32	39.640000	40.140000	D4	80	80	0
P1-3-33	40.140000	40.640000	A#3	80	80	0
P1-3-34	40.640000	40.880000	D3	80	80	0
P1-4-1	40.880000	41.120000	D2	80	80	0
P1-4-2	41.120000	41.620000	A4	80	80	0
P1-4-3	41.620000	42.120000	C4	80	80	0
P1-4-4	42.120000	42.620000	F#4	80	80	0
P1-4-5	42.620000	42.860000	D3	80	80	0
P1-4-6	42.860000	43.100000	C#2	80	80	0
P1-4-7	43.100000	43.600000	A#3	80	80	0
P1-4-8	43.600000	44.100000	A#4	80	80	0
P1-4-9	44.100000	44.600000	G4	80	80	0
P1-4-10	44.600000	44.840000	D2	80	80	0
P1-4-11	44.860000	45.100000	D3	80	80	0
P1-4-12	45.100000	45.340000	D2	80	80	0
P1-4-13	45.340000	45.840000	D#5	80	80	0
P1-4-14	45.840000	46.340000	D#4	80	80	0
P1-4-15	46.340000	46.840000	C5	80	80	0
P1-4-16	46.840000	47.080000	D3	80	80	0
P1-4-17	47.100000	47.340000	D2	80	80	0
P1-4-18	47.580000	47.820000	C#2	80	80	0
P1-4-19	47.820000	48.320000	D5	80	80	0
P1-4-20	48.320000	48.820000	A#4	80	80	0
P1-4-21	48.820000	49.320000	D4	80	80	0
P1-4-22	49.320000	49.560000	D2	80	80	0
P1-4-23	49.560000	49.800000	D3	80	80	0
P1-4-24	49.820000	50.060000	D2	80	80	0
P1-4-25	50.060000	50.560000	C#5	80	80	0
P1-4-26	50.560000	51.060000	G4	80	80	0
P1-4-27	51.060000	51.560000	C#4	80	80	0
P1-4-28	51.560000	51.800000	D#3	80	80	0
P1-4-29	51.800000	52.040000	D#2	80	80	0
P1-5-1	52.040000	52.280000	D#4	80	80	0
P1-5-2	52.280000	52.520000	D2	80	80	0
P1-5-3	52.540000	52.780000	D#2	80	80	0
P1-5-4	52.780000	53.020000	D#3	80	80	0
P1-5-5	53.040000	53.280000	D#2	80	80	0
P1-5-6	53.280000	53.520000	D#3	80	80	0
P1-5-7	53.520000	54.020000	C5	80	80	0
P1-5-8	54.020000	54.520000	G4	80	80	0
P1-5-9	54.520000	55.020000	C#4	80	80	0
P1-5-10	55.020000	55.520000	A#4	80	80	0
P1-5-11	55.520000	55.760000	D#2	80	80	0
P1-5-12	55.760000	56.000000	D2	80	80	0
P1-5-13	56.000000	56.240000	D#4	80	80	0
P1-5-14	56.260000	56.500000	D#2	80	80	0
P1-5-15	56.540000	56.780000	D#3	80	80	0
P1-5-16	56.780000	57.020000	D#2	80	80	0
P1-5-17	57.040000	57.540000	G4	80	80	0
P1-5-18	57.540000	58.040000	A#4	80	80	0
P1-5-19	58.040000	58.540000	C#4	80	80	0
P1-5-20	58.540000	58.780000	D#3	80	80	0
P1-5-21	58.780000	59.020000	D#2	80	80	0
P1-5-22	59.020000	59.260000	D2	80	80	0
P1-5-23	59.260000	59.500000	D#4	80	80	0
P1-5-24	59.500000	59.740000	D#2	80	80	0
P1-5-25	59.760000	60.000000	D#3	80	80	0
P1-5-26	60.020000	60.260000	D#2	80	80	0
P1-6-1	60.260000	60.500000	G#4	80	80	0
