//TPQN: 50
//HmmVersion: 170101
0	0	1	CH	1	1	0	0	0	1	A5	0	P1-1-1	
25	25	1	CH	1	1	0	0	0	1	A4	0	P1-1-2	
50	50	1	CH	1	1	0	0	0	1	E3	0	P1-1-3	
62	62	1	CH	1	1	0	0	0	1	E2	0	P1-1-4	
74	74	1	CH	1	1	0	0	0	1	D3	0	P1-1-5	
86	86	1	CH	1	1	0	0	0	1	D2	0	P1-1-6	
111	111	1	CH	1	1	0	0	0	1	B4	0	P1-1-7	
136	136	1	CH	1	1	0	0	0	1	B3	0	P1-1-8	
161	161	1	CH	1	1	0	0	0	1	G3	0	P1-1-9	
211	211	1	CH	1	1	0	0	0	1	G2	0	P1-1-10	
261	261	1	CH	1	1	0	0	0	1	G5	0	P1-1-11	
286	286	1	CH	1	1	0	0	0	1	G4	0	P1-1-12	
311	311	1	CH	1	1	0	0	0	1	F3	0	P1-1-13	
323	323	1	CH	1	1	0	0	0	1	F2	0	P1-1-14	
348	348	1	CH	1	1	0	0	0	1	F3	0	P1-1-15	
373	373	1	CH	1	1	0	0	0	1	A#3	0	P1-1-16	
398	398	1	CH	1	1	0	0	0	1	A#4	0	P1-1-17	
423	423	1	CH	1	1	0	0	0	1	F2	0	P1-1-18	
448	448	1	CH	1	1	0	0	0	1	E3	0	P1-1-19	
473	473	1	CH	1	1	0	0	0	1	E2	0	P1-1-20	
498	498	1	CH	1	1	0	0	0	1	G5	0	P1-2-1	
523	523	1	CH	1	1	0	0	0	1	D3	0	P1-2-2	
535	535	1	CH	1	1	0	0	0	1	D2	0	P1-2-3	
547	547	1	CH	1	1	0	0	0	1	G4	0	P1-2-4	
572	572	1	CH	1	1	0	0	0	1	C3	0	P1-2-5	
584	584	1	CH	1	1	0	0	0	1	C2	0	P1-2-6	
609	609	1	CH	1	1	0	0	0	1	A4	0	P1-2-7	
634	634	1	CH	1	1	0	0	0	1	A3	0	P1-2-8	
659	659	1	CH	1	1	0	0	0	1	F3	0	P1-2-9	
709	709	1	CH	1	1	0	0	0	1	F2	0	P1-2-10	
759	759	1	CH	1	1	0	0	0	1	F5	0	P1-2-11	
809	809	1	CH	1	1	0	0	0	1	F4	0	P1-2-12	
859	859	1	CH	1	1	0	0	0	1	E3	0	P1-2-13	
871	871	1	CH	1	1	0	0	0	1	E2	0	P1-2-14	
883	883	1	CH	1	1	0	0	0	1	D3	0	P1-2-15	
908	908	1	CH	1	1	0	0	0	1	D2	0	P1-2-16	
933	933	1	CH	1	1	0	0	0	1	E5	0	P1-2-17	
945	945	1	CH	1	1	0	0	0	1	E4	0	P1-2-18	
957	957	1	CH	1	1	0	0	0	1	E3	0	P1-2-19	
982	982	1	CH	1	1	0	0	0	1	E2	0	P1-2-20	
1007	1007	1	CH	1	1	0	0	0	1	F3	0	P1-3-1	
1019	1019	1	CH	1	1	0	0	0	1	D5	0	P1-3-2	
1031	1031	1	CH	1	1	0	0	0	1	D4	0	P1-3-3	
1043	1043	1	CH	1	1	0	0	0	1	F2	0	P1-3-4	
1068	1068	1	CH	1	1	0	0	0	1	F#3	0	P1-3-5	
1080	1080	1	CH	1	1	0	0	0	1	C5	0	P1-3-6	
1092	1092	1	CH	1	1	0	0	0	1	C4	0	P1-3-7	
1104	1104	1	CH	1	1	0	0	0	1	F#2	0	P1-3-8	
1129	1129	1	CH	1	1	0	0	0	1	B4	0	P1-3-9	
1179	1179	1	CH	1	1	0	0	0	1	G2	0	P1-3-10	
1191	1191	1	CH	1	1	0	0	0	1	B3	0	P1-3-11	
1241	1241	1	CH	1	1	0	0	0	1	G3	0	P1-3-12	
1253	1253	1	CH	1	1	0	0	0	1	F#3	0	P1-3-13	
1265	1265	1	CH	1	1	0	0	0	1	G3	0	P1-3-14	
1277	1277	1	CH	1	1	0	0	0	1	A3	0	P1-3-15	
1289	1289	1	CH	1	1	0	0	0	1	G3	0	P1-3-16	
1302	1302	1	CH	1	1	0	0	0	1	F#3	0	P1-3-17	
1315	1315	1	CH	1	1	0	0	0	1	G3	0	P1-3-18	
1327	1327	1	CH	1	1	0	0	0	1	F3	0	P1-3-19	
1339	1339	1	CH	1	1	0	0	0	1	G3	0	P1-3-20	
1352	1352	1	CH	1	1	0	0	0	1	D3	0	P1-3-21	
1365	1365	1	CH	1	1	0	0	0	1	G3	0	P1-3-22	
1377	1377	1	CH	1	1	0	0	0	1	B5	0	P1-4-1	
1383	1383	1	CH	1	1	0	0	0	1	F3	0	P1-4-2	
1395	1395	1	CH	1	1	0	0	0	1	C6	0	P1-4-3	
1401	1401	1	CH	1	1	0	0	0	1	G3	0	P1-4-4	
1413	1413	1	CH	1	1	0	0	0	1	B5	0	P1-4-5	
1420	1420	1	CH	1	1	0	0	0	1	C6	0	P1-4-6	
1426	1426	1	CH	1	1	0	0	0	1	D3	0	P1-4-7	
1438	1438	1	CH	1	1	0	0	0	1	B5	0	P1-4-8	
1445	1445	1	CH	1	1	0	0	0	1	G3	0	P1-4-9	
1457	1457	1	CH	1	1	0	0	0	1	A5	0	P1-4-10	
1463	1463	1	CH	1	1	0	0	0	1	B5	0	P1-4-11	
1469	1469	1	CH	1	1	0	0	0	1	E3	0	P1-4-12	
1481	1481	1	CH	1	1	0	0	0	1	C6	0	P1-4-13	
1531	1531	1	CH	1	1	0	0	0	1	G3	0	P1-4-14	
1543	1543	1	CH	1	1	0	0	0	1	C3	0	P1-4-15	
1555	1555	1	CH	1	1	0	0	0	1	G3	0	P1-4-16	
1567	1567	1	CH	1	1	0	0	0	1	E3	0	P1-4-17	
1579	1579	1	CH	1	1	0	0	0	1	G3	0	P1-4-18	
1592	1592	1	CH	1	1	0	0	0	1	C6	0	P1-4-19	
1598	1598	1	CH	1	1	0	0	0	1	C3	0	P1-4-20	
1610	1610	1	CH	1	1	0	0	0	1	B5	0	P1-4-21	
1617	1617	1	CH	1	1	0	0	0	1	A5	0	P1-4-22	
1623	1623	1	CH	1	1	0	0	0	1	G3	0	P1-4-23	
1635	1635	1	CH	1	1	0	0	0	1	G5	0	P1-4-24	
1641	1641	1	CH	1	1	0	0	0	1	F5	0	P1-4-25	
1653	1653	1	CH	1	1	0	0	0	1	B2	0	P1-4-26	
1665	1665	1	CH	1	1	0	0	0	1	G3	0	P1-4-27	
1678	1678	1	CH	1	1	0	0	0	1	D5	0	P1-4-28	
1703	1703	1	CH	1	1	0	0	0	1	F5	0	P1-4-29	
1728	1728	1	CH	1	1	0	0	0	1	F#3	0	P1-4-30	
1740	1740	1	CH	1	1	0	0	0	1	G3	0	P1-4-31	
1752	1752	1	CH	1	1	0	0	0	1	C5	0	P1-5-1	
1777	1777	1	CH	1	1	0	0	0	1	E5	0	P1-5-2	
1802	1802	1	CH	1	1	0	0	0	1	C3	0	P1-5-3	
1814	1814	1	CH	1	1	0	0	0	1	G3	0	P1-5-4	
1826	1826	1	CH	1	1	0	0	0	1	C5	0	P1-5-5	
1851	1851	1	CH	1	1	0	0	0	1	E5	0	P1-5-6	
1876	1876	1	CH	1	1	0	0	0	1	F#3	0	P1-5-7	
1888	1888	1	CH	1	1	0	0	0	1	G3	0	P1-5-8	
1900	1900	1	CH	1	1	0	0	0	1	D5	0	P1-5-9	
1950	1950	1	CH	1	1	0	0	0	1	B4	0	P1-5-10	
2000	2000	1	CH	1	1	0	0	0	1	G2	0	P1-5-11	
2012	2012	1	CH	1	1	0	0	0	1	G3	0	P1-5-12	
2024	2024	1	CH	1	1	0	0	0	1	F#3	0	P1-5-13	
2036	2036	1	CH	1	1	0	0	0	1	G3	0	P1-5-14	
2048	2048	1	CH	1	1	0	0	0	1	A3	0	P1-5-15	
2060	2060	1	CH	1	1	0	0	0	1	G3	0	P1-5-16	
2073	2073	1	CH	1	1	0	0	0	1	F#3	0	P1-5-17	
2086	2086	1	CH	1	1	0	0	0	1	G3	0	P1-5-18	
2098	2098	1	CH	1	1	0	0	0	1	F3	0	P1-5-19	
2110	2110	1	CH	1	1	0	0	0	1	G3	0	P1-5-20	
2123	2123	1	CH	1	1	0	0	0	1	D3	0	P1-5-21	
2136	2136	1	CH	1	1	0	0	0	1	G3	0	P1-5-22	
2148	2148	1	CH	1	1	0	0	0	1	F3	0	P1-6-1	
2160	2160	1	CH	1	1	0	0	0	1	B5	0	P1-6-2	
2166	2166	1	CH	1	1	0	0	0	1	D6	0	P1-6-3	
2172	2172	1	CH	1	1	0	0	0	1	G3	0	P1-6-4	
2184	2184	1	CH	1	1	0	0	0	1	D6	0	P1-6-5	
2190	2190	1	CH	1	1	0	0	0	1	E6	0	P1-6-6	
2196	2196	1	CH	1	1	0	0	0	1	D3	0	P1-6-7	
2208	2208	1	CH	1	1	0	0	0	1	D6	0	P1-6-8	
2214	2214	1	CH	1	1	0	0	0	1	C6	0	P1-6-9	
2221	2221	1	CH	1	1	0	0	0	1	G3	0	P1-6-10	
2233	2233	1	CH	1	1	0	0	0	1	D6	0	P1-6-11	
2239	2239	1	CH	1	1	0	0	0	1	E6	0	P1-6-12	
2289	2289	1	CH	1	1	0	0	0	1	E3	0	P1-6-13	
2301	2301	1	CH	1	1	0	0	0	1	G3	0	P1-6-14	
2313	2313	1	CH	1	1	0	0	0	1	C3	0	P1-6-15	
2325	2325	1	CH	1	1	0	0	0	1	G3	0	P1-6-16	
2337	2337	1	CH	1	1	0	0	0	1	E3	0	P1-6-17	
2349	2349	1	CH	1	1	0	0	0	1	G3	0	P1-6-18	
2375	2375	1	CH	1	1	0	0	0	1	B5	0	P1-6-19	
2381	2381	1	CH	1	1	0	0	0	1	A5	0	P1-6-20	
2387	2387	1	CH	1	1	0	0	0	1	G5	0	P1-6-21	
2393	2393	1	CH	1	1	0	0	0	1	B2	0	P1-6-22	
