//TPQN: 50
//HmmVersion: 170101
0	0	1	CH	1	1	0	0	0	1	D4	0	P1-1-1	
25	25	1	CH	1	1	0	0	0	1	D#5	0	P1-1-2	
50	50	1	CH	1	1	0	0	0	1	D5	0	P1-1-3	
75	75	1	CH	1	1	0	0	0	1	G3	0	P1-1-4	
100	100	1	CH	1	1	0	0	0	1	C5	0	P1-1-5	
125	125	1	CH	1	1	0	0	0	1	F3	0	P1-1-6	
150	150	1	CH	1	1	0	0	0	1	G3	0	P1-1-7	
175	175	1	CH	1	1	0	0	0	1	B4	0	P1-1-8	
200	200	1	CH	1	1	0	0	0	1	D#3	0	P1-1-9	
225	225	1	CH	1	1	0	0	0	1	D5	0	P1-1-10	
275	275	1	CH	1	1	0	0	0	1	G3	0	P1-1-11	
300	300	1	CH	1	1	0	0	0	1	C5	0	P1-1-12	
400	400	1	CH	1	1	0	0	0	1	C4	0	P1-1-13	
425	425	1	CH	1	1	0	0	0	1	G3	0	P1-1-14	
450	450	1	CH	1	1	0	0	0	1	D3	0	P1-2-1	
475	475	1	CH	1	1	0	0	0	1	G3	0	P1-2-2	
500	500	1	CH	1	1	0	0	0	1	A#4	0	P1-2-3	
600	600	1	CH	1	1	0	0	0	1	A#3	0	P1-2-4	
625	625	1	CH	1	1	0	0	0	1	G3	0	P1-2-5	
650	650	1	CH	1	1	0	0	0	1	C#3	0	P1-2-6	
675	675	1	CH	1	1	0	0	0	1	E3	0	P1-2-7	
700	700	1	CH	1	1	0	0	0	1	A4	0	P1-2-8	
800	800	1	CH	1	1	0	0	0	1	A3	0	P1-2-9	
825	825	1	CH	1	1	0	0	0	1	E3	0	P1-2-10	
850	850	1	CH	1	1	0	0	0	1	C#3	0	P1-3-1	
875	875	1	CH	1	1	0	0	0	1	E3	0	P1-3-2	
900	900	1	CH	1	1	0	0	0	1	A3	0	P1-3-3	
925	925	1	CH	1	1	0	0	0	1	G5	0	P1-3-4	
975	975	1	CH	1	1	0	0	0	1	C#4	0	P1-3-5	
1000	1000	1	CH	1	1	0	0	0	1	F5	0	P1-3-6	
1050	1050	1	CH	1	1	0	0	0	1	D4	0	P1-3-7	
1075	1075	1	CH	1	1	0	0	0	1	F4	0	P1-3-8	
1100	1100	1	CH	1	1	0	0	0	1	A4	0	P1-3-9	
1125	1125	1	CH	1	1	0	0	0	1	D6	0	P1-3-10	
1137	1137	1	CH	1	1	0	0	0	1	F4	0	P1-3-11	
1162	1162	1	CH	1	1	0	0	0	1	A4	0	P1-3-12	
1187	1187	1	CH	1	1	0	0	0	1	C6	0	P1-3-13	
1199	1199	1	CH	1	1	0	0	0	1	A#5	0	P1-3-14	
1211	1211	1	CH	1	1	0	0	0	1	F4	0	P1-3-15	
1236	1236	1	CH	1	1	0	0	0	1	A4	0	P1-3-16	
1261	1261	1	CH	1	1	0	0	0	1	A5	0	P1-3-17	
1273	1273	1	CH	1	1	0	0	0	1	G5	0	P1-4-1	
1285	1285	1	CH	1	1	0	0	0	1	F4	0	P1-4-2	
1310	1310	1	CH	1	1	0	0	0	1	A4	0	P1-4-3	
1335	1335	1	CH	1	1	0	0	0	1	F5	0	P1-4-4	
1347	1347	1	CH	1	1	0	0	0	1	E5	0	P1-4-5	
1359	1359	1	CH	1	1	0	0	0	1	F4	0	P1-4-6	
1384	1384	1	CH	1	1	0	0	0	1	A4	0	P1-4-7	
1409	1409	1	CH	1	1	0	0	0	1	D5	0	P1-4-8	
1421	1421	1	CH	1	1	0	0	0	1	C#5	0	P1-4-9	
1433	1433	1	CH	1	1	0	0	0	1	G4	0	P1-4-10	
1458	1458	1	CH	1	1	0	0	0	1	A4	0	P1-4-11	
1483	1483	1	CH	1	1	0	0	0	1	D5	0	P1-4-12	
1495	1495	1	CH	1	1	0	0	0	1	E5	0	P1-4-13	
1507	1507	1	CH	1	1	0	0	0	1	G4	0	P1-4-14	
1532	1532	1	CH	1	1	0	0	0	1	C#5	0	P1-4-15	
1544	1544	1	CH	1	1	0	0	0	1	D5	0	P1-4-16	
1569	1569	1	CH	1	1	0	0	0	1	D4	0	P1-4-17	
1594	1594	1	CH	1	1	0	0	0	1	F4	0	P1-4-18	
1619	1619	1	CH	1	1	0	0	0	1	A4	0	P1-4-19	
1644	1644	1	CH	1	1	0	0	0	1	F4	0	P1-4-20	
1669	1669	1	CH	1	1	0	0	0	1	A4	0	P1-4-21	
1694	1694	1	CH	1	1	0	0	0	1	F4	0	P1-4-22	
1719	1719	1	CH	1	1	0	0	0	1	A4	0	P1-4-23	
1744	1744	1	CH	1	1	0	0	0	1	B4	0	P1-5-1	
1794	1794	1	CH	1	1	0	0	0	1	B5	0	P1-5-2	
1844	1844	1	CH	1	1	0	0	0	1	G5	0	P1-5-3	
1894	1894	1	CH	1	1	0	0	0	1	G3	0	P1-5-4	
1919	1919	1	CH	1	1	0	0	0	1	F5	0	P1-5-5	
1969	1969	1	CH	1	1	0	0	0	1	D5	0	P1-5-6	
2019	2019	1	CH	1	1	0	0	0	1	F4	0	P1-5-7	
2044	2044	1	CH	1	1	0	0	0	1	G4	0	P1-5-8	
2069	2069	1	CH	1	1	0	0	0	1	F4	0	P1-5-9	
2094	2094	1	CH	1	1	0	0	0	1	G4	0	P1-5-10	
2119	2119	1	CH	1	1	0	0	0	1	F4	0	P1-5-11	
2144	2144	1	CH	1	1	0	0	0	1	G4	0	P1-5-12	
2169	2169	1	CH	1	1	0	0	0	1	C4	0	P1-5-13	
2194	2194	1	CH	1	1	0	0	0	1	C6	0	P1-5-14	
2244	2244	1	CH	1	1	0	0	0	1	G5	0	P1-5-15	
2294	2294	1	CH	1	1	0	0	0	1	C5	0	P1-5-16	
2344	2344	1	CH	1	1	0	0	0	1	D#5	0	P1-5-17	
2394	2394	1	CH	1	1	0	0	0	1	D#4	0	P1-5-18	
2419	2419	1	CH	1	1	0	0	0	1	G4	0	P1-5-19	
2444	2444	1	CH	1	1	0	0	0	1	C6	0	P1-5-20	
2456	2456	1	CH	1	1	0	0	0	1	D#4	0	P1-5-21	
2481	2481	1	CH	1	1	0	0	0	1	G4	0	P1-5-22	
2506	2506	1	CH	1	1	0	0	0	1	A#5	0	P1-5-23	
2518	2518	1	CH	1	1	0	0	0	1	G4	0	P1-5-24	
2543	2543	1	CH	1	1	0	0	0	1	D#4	0	P1-5-25	
2568	2568	1	CH	1	1	0	0	0	1	G#5	0	P1-5-26	
2580	2580	1	CH	1	1	0	0	0	1	G5	0	P1-5-27	
2592	2592	1	CH	1	1	0	0	0	1	F5	0	P1-6-1	
2604	2604	1	CH	1	1	0	0	0	1	G4	0	P1-6-2	
2629	2629	1	CH	1	1	0	0	0	1	D#4	0	P1-6-3	
2654	2654	1	CH	1	1	0	0	0	1	D#5	0	P1-6-4	
2666	2666	1	CH	1	1	0	0	0	1	D5	0	P1-6-5	
2678	2678	1	CH	1	1	0	0	0	1	D#4	0	P1-6-6	
2703	2703	1	CH	1	1	0	0	0	1	G4	0	P1-6-7	
2728	2728	1	CH	1	1	0	0	0	1	C5	0	P1-6-8	
2740	2740	1	CH	1	1	0	0	0	1	F4	0	P1-6-9	
2765	2765	1	CH	1	1	0	0	0	1	G4	0	P1-6-10	
2790	2790	1	CH	1	1	0	0	0	1	B4	0	P1-6-11	
2802	2802	1	CH	1	1	0	0	0	1	C5	0	P1-6-12	
2814	2814	1	CH	1	1	0	0	0	1	F4	0	P1-6-13	
2839	2839	1	CH	1	1	0	0	0	1	D5	0	P1-6-14	
2851	2851	1	CH	1	1	0	0	0	1	B4	0	P1-6-15	
2863	2863	1	CH	1	1	0	0	0	1	C5	0	P1-6-16	
2888	2888	1	CH	1	1	0	0	0	1	C4	0	P1-6-17	
2913	2913	1	CH	1	1	0	0	0	1	D#4	0	P1-6-18	
2938	2938	1	CH	1	1	0	0	0	1	G4	0	P1-6-19	
2963	2963	1	CH	1	1	0	0	0	1	D#4	0	P1-6-20	
2988	2988	1	CH	1	1	0	0	0	1	G4	0	P1-6-21	
3013	3013	1	CH	1	1	0	0	0	1	D#4	0	P1-6-22	
3038	3038	1	CH	1	1	0	0	0	1	G4	0	P1-6-23	
3063	3063	1	CH	1	1	0	0	0	1	F#5	0	P1-7-1	
3113	3113	1	CH	1	1	0	0	0	1	G#2	0	P1-7-2	
3138	3138	1	CH	1	1	0	0	0	1	F#4	0	P1-7-3	
3188	3188	1	CH	1	1	0	0	0	1	C5	0	P1-7-4	
3238	3238	1	CH	1	1	0	0	0	1	G#3	0	P1-7-5	
3263	3263	1	CH	1	1	0	0	0	1	C4	0	P1-7-6	
3288	3288	1	CH	1	1	0	0	0	1	G#3	0	P1-7-7	
3313	3313	1	CH	1	1	0	0	0	1	C4	0	P1-7-8	
3338	3338	1	CH	1	1	0	0	0	1	G#3	0	P1-7-9	
3363	3363	1	CH	1	1	0	0	0	1	C4	0	P1-7-10	
3388	3388	1	CH	1	1	0	0	0	1	G5	0	P1-7-11	
3438	3438	1	CH	1	1	0	0	0	1	G4	0	P1-7-12	
3488	3488	1	CH	1	1	0	0	0	1	G2	0	P1-7-13	
3513	3513	1	CH	1	1	0	0	0	1	D5	0	P1-7-14	
3563	3563	1	CH	1	1	0	0	0	1	B4	0	P1-7-15	
3613	3613	1	CH	1	1	0	0	0	1	B3	0	P1-7-16	
3638	3638	1	CH	1	1	0	0	0	1	D4	0	P1-7-17	
3663	3663	1	CH	1	1	0	0	0	1	B3	0	P1-7-18	
3688	3688	1	CH	1	1	0	0	0	1	G5	0	P1-7-19	
3700	3700	1	CH	1	1	0	0	0	1	D4	0	P1-7-20	
3725	3725	1	CH	1	1	0	0	0	1	F#5	0	P1-7-21	
3737	3737	1	CH	1	1	0	0	0	1	E5	0	P1-7-22	
3749	3749	1	CH	1	1	0	0	0	1	B3	0	P1-7-23	
