//TPQN: 50
//HmmVersion: 170101
0	0	1	CH	1	1	0	0	0	1	C4	0	P1-1-1	
12	12	1	CH	1	1	0	0	0	1	G#4	0	P1-1-2	
62	62	1	CH	1	1	0	0	0	1	C4	0	P1-1-3	
112	112	1	CH	1	1	0	0	0	1	F#4	0	P1-1-4	
162	162	1	CH	1	1	0	0	0	1	F#4	0	P1-1-5	
174	174	1	CH	1	1	0	0	0	1	C5	0	P1-1-6	
186	186	1	CH	1	1	0	0	0	1	F#5	0	P1-1-7	
198	198	1	CH	1	1	0	0	0	1	D#5	0	P1-1-8	
210	210	1	CH	1	1	0	0	0	1	A3	0	P1-1-9	
222	222	1	CH	1	1	0	0	0	1	D#4	0	P1-1-10	
234	234	1	CH	1	1	0	0	0	1	C4	0	P1-1-11	
246	246	1	CH	1	1	0	0	0	1	F5	0	P1-1-12	
296	296	1	CH	1	1	0	0	0	1	F4	0	P1-1-13	
346	346	1	CH	1	1	0	0	0	1	A#2	0	P1-1-14	
396	396	1	CH	1	1	0	0	0	1	A#1	0	P1-1-15	
446	446	1	CH	1	1	0	0	0	1	F5	0	P1-1-16	
496	496	1	CH	1	1	0	0	0	1	A#4	0	P1-1-17	
546	546	1	CH	1	1	0	0	0	1	C#5	0	P1-1-18	
596	596	1	CH	1	1	0	0	0	1	F4	0	P1-1-19	
646	646	1	CH	1	1	0	0	0	1	C#4	0	P1-1-20	
696	696	1	CH	1	1	0	0	0	1	F3	0	P1-1-21	
746	746	1	CH	1	1	0	0	0	1	A#3	0	P1-1-22	
796	796	1	CH	1	1	0	0	0	1	G5	0	P1-1-23	
808	808	1	CH	1	1	0	0	0	1	G4	0	P1-1-24	
820	820	1	CH	1	1	0	0	0	1	A5	0	P1-1-25	
870	870	1	CH	1	1	0	0	0	1	C#5	0	P1-1-26	
920	920	1	CH	1	1	0	0	0	1	F5	0	P1-1-27	
970	970	1	CH	1	1	0	0	0	1	C#3	0	P1-1-28	
1020	1020	1	CH	1	1	0	0	0	1	A4	0	P1-1-29	
1070	1070	1	CH	1	1	0	0	0	1	C#2	0	P1-1-30	
1120	1120	1	CH	1	1	0	0	0	1	A#4	0	P1-1-31	
1132	1132	1	CH	1	1	0	0	0	1	A#5	0	P1-1-32	
1156	1156	1	CH	1	1	0	0	0	1	C6	0	P1-2-1	
1206	1206	1	CH	1	1	0	0	0	1	C5	0	P1-2-2	
1256	1256	1	CH	1	1	0	0	0	1	F3	0	P1-2-3	
1306	1306	1	CH	1	1	0	0	0	1	F4	0	P1-2-4	
1356	1356	1	CH	1	1	0	0	0	1	A#3	0	P1-2-5	
1406	1406	1	CH	1	1	0	0	0	1	C#4	0	P1-2-6	
1456	1456	1	CH	1	1	0	0	0	1	C#6	0	P1-2-7	
1468	1468	1	CH	1	1	0	0	0	1	C#5	0	P1-2-8	
1480	1480	1	CH	1	1	0	0	0	1	F2	0	P1-2-9	
1530	1530	1	CH	1	1	0	0	0	1	F1	0	P1-2-10	
1580	1580	1	CH	1	1	0	0	0	1	A#3	0	P1-2-11	
1630	1630	1	CH	1	1	0	0	0	1	G4	0	P1-2-12	
1680	1680	1	CH	1	1	0	0	0	1	C#4	0	P1-2-13	
1730	1730	1	CH	1	1	0	0	0	1	F3	0	P1-2-14	
1780	1780	1	CH	1	1	0	0	0	1	C6	0	P1-2-15	
1830	1830	1	CH	1	1	0	0	0	1	C5	0	P1-2-16	
1880	1880	1	CH	1	1	0	0	0	1	F5	0	P1-2-17	
1942	1942	1	CH	1	1	0	0	0	1	F3	0	P1-3-1	
1992	1992	1	CH	1	1	0	0	0	1	G#4	0	P1-3-2	
2042	2042	1	CH	1	1	0	0	0	1	C4	0	P1-3-3	
2092	2092	1	CH	1	1	0	0	0	1	G#2	0	P1-3-4	
2098	2098	1	CH	1	1	0	0	0	1	G#3	0	P1-3-5	
2148	2148	1	CH	1	1	0	0	0	1	F4	0	P1-3-6	
2198	2198	1	CH	1	1	0	0	0	1	F#3	0	P1-3-7	
2248	2248	1	CH	1	1	0	0	0	1	A#2	0	P1-3-8	
2254	2254	1	CH	1	1	0	0	0	1	G#2	0	P1-3-9	
2260	2260	1	CH	1	1	0	0	0	1	A#2	0	P1-3-10	
2266	2266	1	CH	1	1	0	0	0	1	G#2	0	P1-3-11	
2272	2272	1	CH	1	1	0	0	0	1	A#2	0	P1-3-12	
2278	2278	1	CH	1	1	0	0	0	1	G#2	0	P1-3-13	
2284	2284	1	CH	1	1	0	0	0	1	A#2	0	P1-3-14	
2290	2290	1	CH	1	1	0	0	0	1	G#2	0	P1-3-15	
2296	2296	1	CH	1	1	0	0	0	1	A#2	0	P1-3-16	
2302	2302	1	CH	1	1	0	0	0	1	G#2	0	P1-3-17	
2308	2308	1	CH	1	1	0	0	0	1	A#2	0	P1-3-18	
2314	2314	1	CH	1	1	0	0	0	1	D#4	0	P1-3-19	
2364	2364	1	CH	1	1	0	0	0	1	G#4	0	P1-3-20	
2414	2414	1	CH	1	1	0	0	0	1	G#2	0	P1-3-21	
2420	2420	1	CH	1	1	0	0	0	1	C4	0	P1-3-22	
2470	2470	1	CH	1	1	0	0	0	1	G#3	0	P1-3-23	
2520	2520	1	CH	1	1	0	0	0	1	F#3	0	P1-3-24	
2570	2570	1	CH	1	1	0	0	0	1	A#2	0	P1-3-25	
2576	2576	1	CH	1	1	0	0	0	1	G#2	0	P1-3-26	
2582	2582	1	CH	1	1	0	0	0	1	A#2	0	P1-3-27	
2588	2588	1	CH	1	1	0	0	0	1	G#2	0	P1-3-28	
2594	2594	1	CH	1	1	0	0	0	1	A#2	0	P1-3-29	
2600	2600	1	CH	1	1	0	0	0	1	G#2	0	P1-3-30	
2606	2606	1	CH	1	1	0	0	0	1	A#2	0	P1-3-31	
2612	2612	1	CH	1	1	0	0	0	1	G#2	0	P1-3-32	
2618	2618	1	CH	1	1	0	0	0	1	A#2	0	P1-3-33	
2624	2624	1	CH	1	1	0	0	0	1	G#2	0	P1-3-34	
2630	2630	1	CH	1	1	0	0	0	1	G#2	0	P1-3-35	
2636	2636	1	CH	1	1	0	0	0	1	G#4	0	P1-3-36	
2686	2686	1	CH	1	1	0	0	0	1	C#4	0	P1-3-37	
2736	2736	1	CH	1	1	0	0	0	1	C#3	0	P1-3-38	
2798	2798	1	CH	1	1	0	0	0	1	C#3	0	P1-4-1	
2848	2848	1	CH	1	1	0	0	0	1	C#4	0	P1-4-2	
2898	2898	1	CH	1	1	0	0	0	1	F4	0	P1-4-3	
2948	2948	1	CH	1	1	0	0	0	1	A3	0	P1-4-4	
2998	2998	1	CH	1	1	0	0	0	1	F2	0	P1-4-5	
3004	3004	1	CH	1	1	0	0	0	1	F#2	0	P1-4-6	
3010	3010	1	CH	1	1	0	0	0	1	F2	0	P1-4-7	
3016	3016	1	CH	1	1	0	0	0	1	F#2	0	P1-4-8	
3022	3022	1	CH	1	1	0	0	0	1	F2	0	P1-4-9	
3028	3028	1	CH	1	1	0	0	0	1	F#2	0	P1-4-10	
3034	3034	1	CH	1	1	0	0	0	1	F2	0	P1-4-11	
3040	3040	1	CH	1	1	0	0	0	1	F#2	0	P1-4-12	
3046	3046	1	CH	1	1	0	0	0	1	F2	0	P1-4-13	
3052	3052	1	CH	1	1	0	0	0	1	F#2	0	P1-4-14	
3058	3058	1	CH	1	1	0	0	0	1	F2	0	P1-4-15	
3064	3064	1	CH	1	1	0	0	0	1	C4	0	P1-4-16	
3114	3114	1	CH	1	1	0	0	0	1	D#3	0	P1-4-17	
3164	3164	1	CH	1	1	0	0	0	1	F#2	0	P1-4-18	
3170	3170	1	CH	1	1	0	0	0	1	F2	0	P1-4-19	
3176	3176	1	CH	1	1	0	0	0	1	F#2	0	P1-4-20	
3182	3182	1	CH	1	1	0	0	0	1	F2	0	P1-4-21	
3188	3188	1	CH	1	1	0	0	0	1	F#2	0	P1-4-22	
3194	3194	1	CH	1	1	0	0	0	1	F2	0	P1-4-23	
3200	3200	1	CH	1	1	0	0	0	1	F#2	0	P1-4-24	
3206	3206	1	CH	1	1	0	0	0	1	F2	0	P1-4-25	
3212	3212	1	CH	1	1	0	0	0	1	F#2	0	P1-4-26	
3218	3218	1	CH	1	1	0	0	0	1	F2	0	P1-4-27	
3224	3224	1	CH	1	1	0	0	0	1	F#2	0	P1-4-28	
3230	3230	1	CH	1	1	0	0	0	1	F2	0	P1-4-29	
3236	3236	1	CH	1	1	0	0	0	1	F2	0	P1-4-30	
3242	3242	1	CH	1	1	0	0	0	1	F#2	0	P1-4-31	
3292	3292	1	CH	1	1	0	0	0	1	A#3	0	P1-4-32	
3392	3392	1	CH	1	1	0	0	0	1	C#3	0	P1-4-33	
3504	3504	1	CH	1	1	0	0	0	1	F2	0	P1-5-1	
3529	3529	1	CH	1	1	0	0	0	1	C#2	0	P1-5-2	
3554	3554	1	CH	1	1	0	0	0	1	A#3	0	P1-5-3	
3604	3604	1	CH	1	1	0	0	0	1	A#1	0	P1-5-4	
3654	3654	1	CH	1	1	0	0	0	1	F2	0	P1-5-5	
3704	3704	1	CH	1	1	0	0	0	1	A#2	0	P1-5-6	
3754	3754	1	CH	1	1	0	0	0	1	F3	0	P1-5-7	
