//TPQN: 50
//HmmVersion: 170101
0	0	1	CH	1	1	0	0	0	1	A#3	0	P1-1-1	
12	12	1	CH	1	1	0	0	0	1	E4	0	P1-1-2	
29	29	1	CH	1	1	0	0	0	1	F2	0	P1-1-3	
129	129	1	CH	1	1	0	0	0	1	F4	0	P1-1-4	
229	229	1	CH	1	1	0	0	0	1	D#4	0	P1-1-5	
329	329	1	CH	1	1	0	0	0	1	C3	0	P1-1-6	
429	429	1	CH	1	1	0	0	0	1	A#3	0	P1-1-7	
441	441	1	CH	1	1	0	0	0	1	A3	0	P1-1-8	
453	453	1	CH	1	1	0	0	0	1	D4	0	P1-1-9	
465	465	1	CH	1	1	0	0	0	1	C4	0	P1-1-10	
477	477	1	CH	1	1	0	0	0	1	G3	0	P1-1-11	
489	489	1	CH	1	1	0	0	0	1	A3	0	P1-1-12	
501	501	1	CH	1	1	0	0	0	1	A#2	0	P1-1-13	
551	551	1	CH	1	1	0	0	0	1	G3	0	P1-1-14	
563	563	1	CH	1	1	0	0	0	1	D4	0	P1-1-15	
588	588	1	CH	1	1	0	0	0	1	F3	0	P1-1-16	
613	613	1	CH	1	1	0	0	0	1	D5	0	P1-1-17	
625	625	1	CH	1	1	0	0	0	1	D4	0	P1-1-18	
637	637	1	CH	1	1	0	0	0	1	D5	0	P1-1-19	
662	662	1	CH	1	1	0	0	0	1	F3	0	P1-1-20	
687	687	1	CH	1	1	0	0	0	1	D4	0	P1-1-21	
712	712	1	CH	1	1	0	0	0	1	A#2	0	P1-1-22	
737	737	1	CH	1	1	0	0	0	1	F#3	0	P1-2-1	
749	749	1	CH	1	1	0	0	0	1	A#2	0	P1-2-2	
766	766	1	CH	1	1	0	0	0	1	A#4	0	P1-2-3	
791	791	1	CH	1	1	0	0	0	1	A#2	0	P1-2-4	
816	816	1	CH	1	1	0	0	0	1	F#3	0	P1-2-5	
841	841	1	CH	1	1	0	0	0	1	D4	0	P1-2-6	
891	891	1	CH	1	1	0	0	0	1	G4	0	P1-2-7	
897	897	1	CH	1	1	0	0	0	1	G3	0	P1-2-8	
922	922	1	CH	1	1	0	0	0	1	C3	0	P1-2-9	
955	955	1	CH	1	1	0	0	0	1	C3	0	P1-2-10	
967	967	1	CH	1	1	0	0	0	1	F4	0	P1-2-11	
979	979	1	CH	1	1	0	0	0	1	A3	0	P1-2-12	
991	991	1	CH	1	1	0	0	0	1	D#4	0	P1-2-13	
1008	1008	1	CH	1	1	0	0	0	1	F4	0	P1-2-14	
1033	1033	1	CH	1	1	0	0	0	1	D4	0	P1-2-15	
1058	1058	1	CH	1	1	0	0	0	1	D3	0	P1-2-16	
1083	1083	1	CH	1	1	0	0	0	1	A3	0	P1-2-17	
1116	1116	1	CH	1	1	0	0	0	1	D5	0	P1-2-18	
1128	1128	1	CH	1	1	0	0	0	1	C4	0	P1-2-19	
1140	1140	1	CH	1	1	0	0	0	1	F#4	0	P1-2-20	
1152	1152	1	CH	1	1	0	0	0	1	A3	0	P1-2-21	
1164	1164	1	CH	1	1	0	0	0	1	D3	0	P1-2-22	
1181	1181	1	CH	1	1	0	0	0	1	A#4	0	P1-2-23	
1206	1206	1	CH	1	1	0	0	0	1	A#3	0	P1-2-24	
1231	1231	1	CH	1	1	0	0	0	1	G4	0	P1-2-25	
1256	1256	1	CH	1	1	0	0	0	1	D#3	0	P1-2-26	
1281	1281	1	CH	1	1	0	0	0	1	G3	0	P1-2-27	
1306	1306	1	CH	1	1	0	0	0	1	G5	0	P1-3-1	
1331	1331	1	CH	1	1	0	0	0	1	A#4	0	P1-3-2	
1356	1356	1	CH	1	1	0	0	0	1	G4	0	P1-3-3	
1381	1381	1	CH	1	1	0	0	0	1	C#4	0	P1-3-4	
1406	1406	1	CH	1	1	0	0	0	1	E3	0	P1-3-5	
1431	1431	1	CH	1	1	0	0	0	1	A#3	0	P1-3-6	
1465	1465	1	CH	1	1	0	0	0	1	F5	0	P1-3-7	
1477	1477	1	CH	1	1	0	0	0	1	F4	0	P1-3-8	
1489	1489	1	CH	1	1	0	0	0	1	A#4	0	P1-3-9	
1501	1501	1	CH	1	1	0	0	0	1	F3	0	P1-3-10	
1513	1513	1	CH	1	1	0	0	0	1	D4	0	P1-3-11	
1525	1525	1	CH	1	1	0	0	0	1	A#3	0	P1-3-12	
1541	1541	1	CH	1	1	0	0	0	1	E5	0	P1-3-13	
1553	1553	1	CH	1	1	0	0	0	1	E4	0	P1-3-14	
1565	1565	1	CH	1	1	0	0	0	1	A#4	0	P1-3-15	
1577	1577	1	CH	1	1	0	0	0	1	C#4	0	P1-3-16	
1589	1589	1	CH	1	1	0	0	0	1	G3	0	P1-3-17	
1601	1601	1	CH	1	1	0	0	0	1	A#3	0	P1-3-18	
1618	1618	1	CH	1	1	0	0	0	1	F5	0	P1-3-19	
1718	1718	1	CH	1	1	0	0	0	1	D4	0	P1-3-20	
1743	1743	1	CH	1	1	0	0	0	1	F4	0	P1-3-21	
1843	1843	1	CH	1	1	0	0	0	1	A#4	0	P1-3-22	
1943	1943	1	CH	1	1	0	0	0	1	A#3	0	P1-3-23	
1968	1968	1	CH	1	1	0	0	0	1	G#3	0	P1-3-24	
1993	1993	1	CH	1	1	0	0	0	1	A#1	0	P1-3-25	
2005	2005	1	CH	1	1	0	0	0	1	A#2	0	P1-3-26	
2017	2017	1	CH	1	1	0	0	0	1	A#1	0	P1-3-27	
2029	2029	1	CH	1	1	0	0	0	1	A#2	0	P1-3-28	
2041	2041	1	CH	1	1	0	0	0	1	A#4	0	P1-3-29	
2053	2053	1	CH	1	1	0	0	0	1	D4	0	P1-3-30	
2065	2065	1	CH	1	1	0	0	0	1	A#3	0	P1-3-31	
2077	2077	1	CH	1	1	0	0	0	1	A#2	0	P1-3-32	
2089	2089	1	CH	1	1	0	0	0	1	G#4	0	P1-3-33	
2101	2101	1	CH	1	1	0	0	0	1	A#4	0	P1-3-34	
2201	2201	1	CH	1	1	0	0	0	1	A#2	0	P1-3-35	
2226	2226	1	CH	1	1	0	0	0	1	D4	0	P1-3-36	
2251	2251	1	CH	1	1	0	0	0	1	A#3	0	P1-3-37	
2276	2276	1	CH	1	1	0	0	0	1	G#4	0	P1-3-38	
2301	2301	1	CH	1	1	0	0	0	1	G4	0	P1-4-1	
2313	2313	1	CH	1	1	0	0	0	1	D#4	0	P1-4-2	
2325	2325	1	CH	1	1	0	0	0	1	D#3	0	P1-4-3	
2337	2337	1	CH	1	1	0	0	0	1	A#3	0	P1-4-4	
2354	2354	1	CH	1	1	0	0	0	1	D#3	0	P1-4-5	
2379	2379	1	CH	1	1	0	0	0	1	A#3	0	P1-4-6	
2404	2404	1	CH	1	1	0	0	0	1	G4	0	P1-4-7	
2429	2429	1	CH	1	1	0	0	0	1	D#4	0	P1-4-8	
2462	2462	1	CH	1	1	0	0	0	1	G4	0	P1-4-9	
2474	2474	1	CH	1	1	0	0	0	1	D#3	0	P1-4-10	
2486	2486	1	CH	1	1	0	0	0	1	A#3	0	P1-4-11	
2503	2503	1	CH	1	1	0	0	0	1	D#5	0	P1-4-12	
2603	2603	1	CH	1	1	0	0	0	1	G4	0	P1-4-13	
2703	2703	1	CH	1	1	0	0	0	1	D#3	0	P1-4-14	
2803	2803	1	CH	1	1	0	0	0	1	A#3	0	P1-4-15	
2903	2903	1	CH	1	1	0	0	0	1	A#4	0	P1-4-16	
2928	2928	1	CH	1	1	0	0	0	1	G2	0	P1-4-17	
2953	2953	1	CH	1	1	0	0	0	1	A#3	0	P1-4-18	
2978	2978	1	CH	1	1	0	0	0	1	D4	0	P1-4-19	
3003	3003	1	CH	1	1	0	0	0	1	G3	0	P1-4-20	
3028	3028	1	CH	1	1	0	0	0	1	C3	0	P1-5-1	
3040	3040	1	CH	1	1	0	0	0	1	A#3	0	P1-5-2	
3052	3052	1	CH	1	1	0	0	0	1	E4	0	P1-5-3	
3064	3064	1	CH	1	1	0	0	0	1	C5	0	P1-5-4	
3081	3081	1	CH	1	1	0	0	0	1	F2	0	P1-5-5	
3106	3106	1	CH	1	1	0	0	0	1	A3	0	P1-5-6	
3131	3131	1	CH	1	1	0	0	0	1	D#4	0	P1-5-7	
3156	3156	1	CH	1	1	0	0	0	1	C5	0	P1-5-8	
3181	3181	1	CH	1	1	0	0	0	1	A#1	0	P1-5-9	
3193	3193	1	CH	1	1	0	0	0	1	D4	0	P1-5-10	
3205	3205	1	CH	1	1	0	0	0	1	A#4	0	P1-5-11	
3217	3217	1	CH	1	1	0	0	0	1	A#3	0	P1-5-12	
3234	3234	1	CH	1	1	0	0	0	1	F3	0	P1-5-13	
3259	3259	1	CH	1	1	0	0	0	1	A#4	0	P1-5-14	
3284	3284	1	CH	1	1	0	0	0	1	D4	0	P1-5-15	
3309	3309	1	CH	1	1	0	0	0	1	A#2	0	P1-5-16	
3359	3359	1	CH	1	1	0	0	0	1	F#2	0	P1-5-17	
3409	3409	1	CH	1	1	0	0	0	1	C4	0	P1-5-18	
3459	3459	1	CH	1	1	0	0	0	1	D#4	0	P1-5-19	
3465	3465	1	CH	1	1	0	0	0	1	G2	0	P1-5-20	
3515	3515	1	CH	1	1	0	0	0	1	A#3	0	P1-5-21	
3565	3565	1	CH	1	1	0	0	0	1	D4	0	P1-5-22	
3571	3571	1	CH	1	1	0	0	0	1	D#4	0	P1-5-23	
3577	3577	1	CH	1	1	0	0	0	1	D#3	0	P1-5-24	
3583	3583	1	CH	1	1	0	0	0	1	A#4	0	P1-5-25	
3589	3589	1	CH	1	1	0	0	0	1	G4	0	P1-6-1	
3598	3598	1	CH	1	1	0	0	0	1	D#4	0	P1-6-2	
3606	3606	1	CH	1	1	0	0	0	1	A2	0	P1-6-3	
3618	3618	1	CH	1	1	0	0	0	1	F#3	0	P1-6-4	
3624	3624	1	CH	1	1	0	0	0	1	D#4	0	P1-6-5	
