//Version: PianoRoll_v170101
P1-1-1	0.000000	1.000000	B4	80	80	0
P1-1-2	1.000000	1.500000	C2	80	80	0
P1-1-3	1.500000	2.500000	C4	80	80	0
P1-1-4	2.500000	3.000000	G2	80	80	0
P1-1-5	3.000000	3.240000	G3	80	80	0
P1-1-6	3.240000	5.240000	C5	80	80	0
P1-1-7	5.240000	7.240000	E4	80	80	0
P1-1-8	7.240000	7.480000	F#3	80	80	0
P1-1-9	7.480000	7.720000	F3	80	80	0
P1-1-10	7.720000	7.960000	E3	80	80	0
P1-1-11	7.960000	8.200000	D#3	80	80	0
P1-1-12	8.200000	8.440000	D3	80	80	0
P1-1-13	8.440000	8.680000	C#3	80	80	0
P1-1-14	8.680000	8.920000	C3	80	80	0
P1-1-15	8.920000	9.160000	B2	80	80	0
P1-1-16	9.160000	11.160000	D4	80	80	0
P1-1-17	11.160000	11.400000	A#2	80	80	0
P1-1-18	11.400000	11.640000	A2	80	80	0
P1-1-19	11.640000	11.880000	G#2	80	80	0
P1-2-1	11.880000	12.120000	G2	80	80	0
P1-2-2	12.140000	12.380000	F#2	80	80	0
P1-2-3	12.380000	12.880000	A#4	80	80	0
P1-2-4	12.880000	13.120000	F2	80	80	0
P1-2-5	13.120000	13.620000	F#4	80	80	0
P1-2-6	13.620000	13.860000	E2	80	80	0
P1-2-7	13.860000	14.100000	D#2	80	80	0
P1-2-8	14.100000	15.100000	D4	80	80	0
P1-2-9	15.100000	15.340000	D2	80	80	0
P1-2-10	15.340000	15.580000	C#2	80	80	0
P1-2-11	15.580000	15.820000	D2	80	80	0
P1-2-12	15.820000	16.820000	A4	80	80	0
P1-2-13	16.820000	17.820000	F#4	80	80	0
P1-2-14	17.820000	18.820000	C4	80	80	0
P1-2-15	18.820000	19.060000	D#2	80	80	0
P1-2-16	19.060000	19.300000	D2	80	80	0
P1-2-17	19.300000	19.540000	C#2	80	80	0
P1-2-18	19.540000	20.040000	D4	80	80	0
P1-2-19	20.040000	20.280000	D2	80	80	0
P1-2-20	20.280000	20.780000	D3	80	80	0
P1-2-21	20.780000	21.020000	D2	80	80	0
P1-2-22	21.020000	21.520000	G4	80	80	0
P1-2-23	21.520000	22.020000	A#3	80	80	0
P1-2-24	22.020000	22.520000	D4	80	80	0
P1-2-25	22.520000	23.020000	D3	80	80	0
P1-3-1	23.020000	23.260000	A4	80	80	0
P1-3-2	23.260000	23.500000	D2	80	80	0
P1-3-3	23.520000	23.760000	C#2	80	80	0
P1-3-4	23.760000	24.000000	G4	80	80	0
P1-3-5	24.000000	24.240000	D2	80	80	0
P1-3-6	24.240000	24.740000	A3	80	80	0
P1-3-7	24.740000	24.980000	E4	80	80	0
P1-3-8	24.980000	25.480000	C4	80	80	0
P1-3-9	25.480000	25.720000	F4	80	80	0
P1-3-10	25.720000	25.960000	D3	80	80	0
P1-3-11	25.960000	26.200000	D#4	80	80	0
P1-3-12	26.200000	26.700000	G3	80	80	0
P1-3-13	26.700000	26.940000	D2	80	80	0
P1-3-14	26.940000	27.440000	A#3	80	80	0
P1-3-15	27.440000	27.680000	D3	80	80	0
P1-3-16	27.680000	28.680000	D4	80	80	0
P1-3-17	28.680000	29.680000	F#3	80	80	0
P1-3-18	29.680000	29.920000	C#2	80	80	0
P1-3-19	29.920000	30.920000	C4	80	80	0
P1-3-20	30.920000	31.160000	D2	80	80	0
P1-3-21	31.160000	31.660000	D3	80	80	0
P1-3-22	31.660000	31.900000	D2	80	80	0
P1-3-23	31.900000	32.400000	E4	80	80	0
P1-3-24	32.400000	32.900000	G3	80	80	0
P1-3-25	32.900000	33.400000	C4	80	80	0
P1-3-26	33.400000	33.900000	D3	80	80	0
P1-3-27	33.900000	34.400000	G2	80	80	0
P1-3-28	34.400000	34.900000	C4	80	80	0
P1-3-29	34.900000	35.400000	F#4	80	80	0
P1-3-30	35.400000	35.900000	A3	80	80	0
P1-3-31	35.900000	36.400000	C#2	80	80	0
P1-3-32	36.400000	36.900000	D2	80	80	0
P1-3-33	36.900000	37.400000	G4	80	80	0
P1-3-34	37.400000	37.900000	D4	80	80	0
P1-3-35	37.900000	38.400000	A#3	80	80	0
P1-3-36	38.400000	38.640000	D3	80	80	0
P1-4-1	38.640000	39.140000	D2	80	80	0
P1-4-2	39.140000	39.640000	A4	80	80	0
P1-4-3	39.640000	40.140000	C4	80	80	0
P1-4-4	40.140000	40.640000	F#4	80	80	0
P1-4-5	40.640000	40.880000	D3	80	80	0
P1-4-6	40.880000	41.380000	C#2	80	80	0
P1-4-7	41.380000	41.880000	A#3	80	80	0
P1-4-8	41.880000	42.380000	A#4	80	80	0
P1-4-9	42.380000	42.880000	G4	80	80	0
P1-4-10	42.880000	43.120000	D2	80	80	0
P1-4-11	43.120000	43.360000	D3	80	80	0
P1-4-12	43.380000	43.620000	D2	80	80	0
P1-4-13	43.620000	44.120000	D#5	80	80	0
P1-4-14	44.120000	44.360000	D3	80	80	0
P1-4-15	44.360000	44.860000	D#4	80	80	0
P1-4-16	44.860000	45.360000	C5	80	80	0
P1-4-17	45.360000	45.600000	D2	80	80	0
P1-4-18	45.600000	46.100000	C#2	80	80	0
P1-4-19	46.100000	47.100000	D5	80	80	0
P1-4-20	47.100000	48.100000	A#4	80	80	0
P1-4-21	48.100000	49.100000	D4	80	80	0
P1-4-22	49.100000	49.340000	D2	80	80	0
P1-4-23	49.340000	49.580000	D3	80	80	0
P1-4-24	49.580000	49.820000	D2	80	80	0
P1-4-25	49.820000	50.820000	C#5	80	80	0
P1-4-26	50.820000	51.820000	G4	80	80	0
P1-4-27	51.820000	52.820000	C#4	80	80	0
P1-4-28	52.820000	53.320000	D#3	80	80	0
P1-4-29	53.320000	53.560000	D#2	80	80	0
P1-4-30	53.560000	54.060000	D#4	80	80	0
P1-4-31	54.060000	54.300000	D2	80	80	0
P1-4-32	54.300000	54.540000	D#2	80	80	0
P1-5-1	54.540000	54.780000	D#3	80	80	0
P1-5-2	54.800000	55.040000	D#2	80	80	0
P1-5-3	55.040000	55.280000	D#3	80	80	0
P1-5-4	55.280000	55.780000	C5	80	80	0
P1-5-5	55.780000	56.280000	G4	80	80	0
P1-5-6	56.280000	56.780000	C#4	80	80	0
P1-5-7	56.780000	57.020000	D#2	80	80	0
P1-5-8	57.020000	57.260000	D2	80	80	0
P1-5-9	57.260000	58.260000	D#4	80	80	0
P1-5-10	58.260000	58.500000	D#2	80	80	0
P1-5-11	58.500000	58.740000	D#3	80	80	0
P1-5-12	58.740000	58.980000	D#2	80	80	0
P1-5-13	58.980000	59.980000	G4	80	80	0
P1-5-14	59.980000	60.980000	A#4	80	80	0
P1-5-15	60.980000	61.980000	C#4	80	80	0
P1-5-16	61.980000	62.480000	D#3	80	80	0
P1-5-17	62.480000	62.720000	D#2	80	80	0
P1-5-18	62.720000	62.960000	D2	80	80	0
P1-5-19	62.960000	63.460000	D#4	80	80	0
P1-5-20	63.460000	63.700000	D#2	80	80	0
P1-5-21	63.700000	63.940000	D#3	80	80	0
P1-5-22	63.960000	64.200000	D#2	80	80	0
P1-5-23	64.200000	64.440000	G#4	80	80	0
