//TPQN: 50
//HmmVersion: 170101
0	0	1	CH	1	1	0	0	0	1	B4	0	P1-1-1	
25	25	1	CH	1	1	0	0	0	1	C2	0	P1-1-2	
31	31	1	CH	1	1	0	0	0	1	C4	0	P1-1-3	
81	81	1	CH	1	1	0	0	0	1	G2	0	P1-1-4	
87	87	1	CH	1	1	0	0	0	1	G3	0	P1-1-5	
93	93	1	CH	1	1	0	0	0	1	F#3	0	P1-1-6	
99	99	1	CH	1	1	0	0	0	1	F3	0	P1-1-7	
105	105	1	CH	1	1	0	0	0	1	E3	0	P1-1-8	
111	111	1	CH	1	1	0	0	0	1	D#3	0	P1-1-9	
120	120	1	CH	1	1	0	0	0	1	D3	0	P1-1-10	
128	128	1	CH	1	1	0	0	0	1	C#3	0	P1-1-11	
136	136	1	CH	1	1	0	0	0	1	C3	0	P1-1-12	
144	144	1	CH	1	1	0	0	0	1	B2	0	P1-1-13	
150	150	1	CH	1	1	0	0	0	1	D4	0	P1-1-14	
175	175	1	CH	1	1	0	0	0	1	A#2	0	P1-1-15	
181	181	1	CH	1	1	0	0	0	1	A2	0	P1-1-16	
188	188	1	CH	1	1	0	0	0	1	G#2	0	P1-1-17	
196	196	1	CH	1	1	0	0	0	1	G2	0	P1-1-18	
204	204	1	CH	1	1	0	0	0	1	F#2	0	P1-1-19	
212	212	1	CH	1	1	0	0	0	1	A#4	0	P1-1-20	
224	224	1	CH	1	1	0	0	0	1	F2	0	P1-1-21	
230	230	1	CH	1	1	0	0	0	1	F#4	0	P1-1-22	
242	242	1	CH	1	1	0	0	0	1	C4	0	P1-1-23	
254	254	1	CH	1	1	0	0	0	1	E2	0	P1-1-24	
262	262	1	CH	1	1	0	0	0	1	D#2	0	P1-1-25	
268	268	1	CH	1	1	0	0	0	1	D4	0	P1-1-26	
280	280	1	CH	1	1	0	0	0	1	D2	0	P1-1-27	
288	288	1	CH	1	1	0	0	0	1	C#2	0	P1-1-28	
304	304	1	CH	1	1	0	0	0	1	A4	0	P1-1-29	
316	316	1	CH	1	1	0	0	0	1	F#4	0	P1-1-30	
328	328	1	CH	1	1	0	0	0	1	C4	0	P1-1-31	
340	340	1	CH	1	1	0	0	0	1	D#2	0	P1-1-32	
346	346	1	CH	1	1	0	0	0	1	C#2	0	P1-2-1	
352	352	1	CH	1	1	0	0	0	1	D4	0	P1-2-2	
402	402	1	CH	1	1	0	0	0	1	D2	0	P1-2-3	
408	408	1	CH	1	1	0	0	0	1	D3	0	P1-2-4	
414	414	1	CH	1	1	0	0	0	1	D2	0	P1-2-5	
420	420	1	CH	1	1	0	0	0	1	G4	0	P1-2-6	
432	432	1	CH	1	1	0	0	0	1	A#3	0	P1-2-7	
444	444	1	CH	1	1	0	0	0	1	D3	0	P1-2-8	
450	450	1	CH	1	1	0	0	0	1	D2	0	P1-2-9	
456	456	1	CH	1	1	0	0	0	1	A4	0	P1-2-10	
462	462	1	CH	1	1	0	0	0	1	C#2	0	P1-2-11	
468	468	1	CH	1	1	0	0	0	1	G4	0	P1-2-12	
480	480	1	CH	1	1	0	0	0	1	D2	0	P1-2-13	
487	487	1	CH	1	1	0	0	0	1	A3	0	P1-2-14	
499	499	1	CH	1	1	0	0	0	1	C4	0	P1-2-15	
511	511	1	CH	1	1	0	0	0	1	F4	0	P1-2-16	
527	527	1	CH	1	1	0	0	0	1	D#4	0	P1-2-17	
539	539	1	CH	1	1	0	0	0	1	G3	0	P1-2-18	
551	551	1	CH	1	1	0	0	0	1	A#3	0	P1-2-19	
563	563	1	CH	1	1	0	0	0	1	D3	0	P1-2-20	
574	574	1	CH	1	1	0	0	0	1	D4	0	P1-2-21	
599	599	1	CH	1	1	0	0	0	1	F#3	0	P1-2-22	
624	624	1	CH	1	1	0	0	0	1	C#2	0	P1-2-23	
630	630	1	CH	1	1	0	0	0	1	C4	0	P1-2-24	
663	663	1	CH	1	1	0	0	0	1	E4	0	P1-2-25	
675	675	1	CH	1	1	0	0	0	1	G3	0	P1-2-26	
687	687	1	CH	1	1	0	0	0	1	C4	0	P1-2-27	
712	712	1	CH	1	1	0	0	0	1	D3	0	P1-2-28	
718	718	1	CH	1	1	0	0	0	1	F#4	0	P1-2-29	
730	730	1	CH	1	1	0	0	0	1	A3	0	P1-2-30	
742	742	1	CH	1	1	0	0	0	1	C#2	0	P1-2-31	
748	748	1	CH	1	1	0	0	0	1	D2	0	P1-2-32	
756	756	1	CH	1	1	0	0	0	1	G4	0	P1-2-33	
768	768	1	CH	1	1	0	0	0	1	D4	0	P1-2-34	
780	780	1	CH	1	1	0	0	0	1	A#3	0	P1-2-35	
792	792	1	CH	1	1	0	0	0	1	D3	0	P1-2-36	
798	798	1	CH	1	1	0	0	0	1	D2	0	P1-2-37	
806	806	1	CH	1	1	0	0	0	1	A4	0	P1-2-38	
818	818	1	CH	1	1	0	0	0	1	C4	0	P1-2-39	
830	830	1	CH	1	1	0	0	0	1	F#4	0	P1-2-40	
842	842	1	CH	1	1	0	0	0	1	D3	0	P1-2-41	
848	848	1	CH	1	1	0	0	0	1	C#2	0	P1-3-1	
854	854	1	CH	1	1	0	0	0	1	A#3	0	P1-3-2	
879	879	1	CH	1	1	0	0	0	1	A#4	0	P1-3-3	
904	904	1	CH	1	1	0	0	0	1	G4	0	P1-3-4	
929	929	1	CH	1	1	0	0	0	1	D2	0	P1-3-5	
935	935	1	CH	1	1	0	0	0	1	D3	0	P1-3-6	
941	941	1	CH	1	1	0	0	0	1	D2	0	P1-3-7	
949	949	1	CH	1	1	0	0	0	1	D#5	0	P1-3-8	
961	961	1	CH	1	1	0	0	0	1	D3	0	P1-3-9	
967	967	1	CH	1	1	0	0	0	1	D#4	0	P1-3-10	
979	979	1	CH	1	1	0	0	0	1	C5	0	P1-3-11	
996	996	1	CH	1	1	0	0	0	1	C#2	0	P1-3-12	
1002	1002	1	CH	1	1	0	0	0	1	D5	0	P1-3-13	
1027	1027	1	CH	1	1	0	0	0	1	A#4	0	P1-3-14	
1052	1052	1	CH	1	1	0	0	0	1	D4	0	P1-3-15	
1077	1077	1	CH	1	1	0	0	0	1	D2	0	P1-3-16	
1083	1083	1	CH	1	1	0	0	0	1	D3	0	P1-3-17	
1089	1089	1	CH	1	1	0	0	0	1	D2	0	P1-3-18	
1097	1097	1	CH	1	1	0	0	0	1	C#5	0	P1-3-19	
1147	1147	1	CH	1	1	0	0	0	1	G4	0	P1-3-20	
1197	1197	1	CH	1	1	0	0	0	1	C#4	0	P1-3-21	
1247	1247	1	CH	1	1	0	0	0	1	D#3	0	P1-3-22	
1272	1272	1	CH	1	1	0	0	0	1	D#2	0	P1-3-23	
1278	1278	1	CH	1	1	0	0	0	1	D#4	0	P1-3-24	
1328	1328	1	CH	1	1	0	0	0	1	D2	0	P1-3-25	
1334	1334	1	CH	1	1	0	0	0	1	D#2	0	P1-3-26	
1340	1340	1	CH	1	1	0	0	0	1	D#3	0	P1-3-27	
1346	1346	1	CH	1	1	0	0	0	1	D#2	0	P1-3-28	
1352	1352	1	CH	1	1	0	0	0	1	D#3	0	P1-3-29	
1358	1358	1	CH	1	1	0	0	0	1	C5	0	P1-3-30	
1408	1408	1	CH	1	1	0	0	0	1	G4	0	P1-3-31	
1458	1458	1	CH	1	1	0	0	0	1	C#4	0	P1-3-32	
1508	1508	1	CH	1	1	0	0	0	1	D#2	0	P1-3-33	
1514	1514	1	CH	1	1	0	0	0	1	D2	0	P1-3-34	
1520	1520	1	CH	1	1	0	0	0	1	D#4	0	P1-3-35	
1570	1570	1	CH	1	1	0	0	0	1	D#2	0	P1-3-36	
1576	1576	1	CH	1	1	0	0	0	1	D#3	0	P1-3-37	
1582	1582	1	CH	1	1	0	0	0	1	D#2	0	P1-3-38	
1588	1588	1	CH	1	1	0	0	0	1	G4	0	P1-3-39	
1638	1638	1	CH	1	1	0	0	0	1	A#4	0	P1-3-40	
1688	1688	1	CH	1	1	0	0	0	1	C#4	0	P1-3-41	
1738	1738	1	CH	1	1	0	0	0	1	D#3	0	P1-3-42	
1744	1744	1	CH	1	1	0	0	0	1	D#2	0	P1-3-43	
1750	1750	1	CH	1	1	0	0	0	1	D2	0	P1-4-1	
1756	1756	1	CH	1	1	0	0	0	1	D#4	0	P1-4-2	
1806	1806	1	CH	1	1	0	0	0	1	D#2	0	P1-4-3	
1812	1812	1	CH	1	1	0	0	0	1	D#3	0	P1-4-4	
1818	1818	1	CH	1	1	0	0	0	1	D#2	0	P1-4-5	
1824	1824	1	CH	1	1	0	0	0	1	G#4	0	P1-4-6	
