//Version: PianoRoll_v170101
P1-1-1	0.000000	0.500000	A#4	80	80	0
P1-1-2	0.500000	1.000000	A#3	80	80	0
P1-1-3	1.000000	1.500000	D#4	80	80	0
P1-1-4	1.500000	2.000000	D#5	80	80	0
P1-1-5	2.000000	2.500000	A#3	80	80	0
P1-1-6	2.500000	3.000000	A#4	80	80	0
P1-1-7	3.000000	3.500000	G5	80	80	0
P1-1-8	3.500000	4.000000	G4	80	80	0
P1-1-9	4.000000	4.500000	D#4	80	80	0
P1-1-10	4.500000	5.000000	D#5	80	80	0
P1-1-11	5.000000	5.500000	A#3	80	80	0
P1-1-12	5.500000	6.000000	A#4	80	80	0
P1-1-13	6.000000	6.500000	G5	80	80	0
P1-1-14	6.500000	7.000000	D#4	80	80	0
P1-1-15	7.000000	7.500000	G4	80	80	0
P1-1-16	7.500000	8.000000	A#3	80	80	0
P1-1-17	8.000000	8.500000	A#4	80	80	0
P1-1-18	8.500000	9.000000	G5	80	80	0
P1-1-19	9.000000	9.500000	D#4	80	80	0
P1-1-20	9.500000	10.000000	G4	80	80	0
P1-1-21	10.000000	10.500000	G#5	80	80	0
P1-1-22	10.500000	11.000000	C5	80	80	0
P1-1-23	11.000000	11.500000	C4	80	80	0
P1-1-24	11.500000	12.000000	G#4	80	80	0
P1-1-25	12.000000	12.500000	A#5	80	80	0
P1-1-26	12.500000	13.000000	A#4	80	80	0
P1-1-27	13.000000	13.500000	C#4	80	80	0
P1-1-28	13.500000	14.000000	C#5	80	80	0
P1-1-29	14.000000	14.500000	C#5	80	80	0
P1-1-30	14.500000	15.000000	G#3	80	80	0
P1-1-31	15.000000	15.500000	D#5	80	80	0
P1-1-32	15.500000	16.000000	C4	80	80	0
P1-1-33	16.000000	16.500000	D#4	80	80	0
P1-1-34	16.500000	17.000000	C5	80	80	0
P1-1-35	17.000000	17.500000	G#5	80	80	0
P1-1-36	17.500000	18.000000	G#4	80	80	0
P1-2-1	18.000000	18.500000	G#5	80	80	0
P1-2-2	18.500000	19.000000	C4	80	80	0
P1-2-3	19.000000	19.500000	C5	80	80	0
P1-2-4	19.500000	20.000000	D#5	80	80	0
P1-2-5	20.000000	20.500000	D#4	80	80	0
P1-2-6	20.500000	21.000000	G#4	80	80	0
P1-2-7	21.000000	21.500000	C4	80	80	0
P1-2-8	21.500000	22.000000	G#5	80	80	0
P1-2-9	22.000000	22.500000	G#4	80	80	0
P1-2-10	22.500000	23.000000	D#5	80	80	0
P1-2-11	23.000000	23.500000	C5	80	80	0
P1-2-12	23.500000	24.000000	D#4	80	80	0
P1-2-13	24.000000	24.500000	G#5	80	80	0
P1-2-14	24.500000	25.000000	D#4	80	80	0
P1-2-15	25.000000	25.500000	C4	80	80	0
P1-2-16	25.500000	26.000000	G#4	80	80	0
P1-2-17	26.000000	26.500000	D#5	80	80	0
P1-2-18	26.500000	27.000000	D#5	80	80	0
P1-2-19	27.000000	27.500000	D#4	80	80	0
P1-2-20	27.500000	28.000000	C4	80	80	0
P1-2-21	28.000000	28.240000	D#6	80	80	0
P1-2-22	28.240000	28.740000	G#4	80	80	0
P1-2-23	28.740000	29.240000	D#4	80	80	0
P1-2-24	29.240000	29.740000	G#5	80	80	0
P1-2-25	29.740000	29.980000	D#6	80	80	0
P1-2-26	29.980000	30.480000	A#4	80	80	0
P1-2-27	30.480000	30.980000	G4	80	80	0
P1-2-28	30.980000	31.480000	D#4	80	80	0
P1-2-29	31.480000	31.980000	A#5	80	80	0
P1-2-30	31.980000	32.220000	D#6	80	80	0
P1-2-31	32.220000	32.720000	G#3	80	80	0
P1-2-32	32.720000	32.960000	D#5	80	80	0
P1-2-33	32.960000	33.200000	D#6	80	80	0
P1-2-34	33.200000	33.700000	C5	80	80	0
P1-2-35	33.700000	34.200000	G#4	80	80	0
P1-2-36	34.200000	34.440000	C6	80	80	0
P1-2-37	34.440000	34.940000	D#4	80	80	0
P1-2-38	34.940000	35.180000	D#5	80	80	0
P1-3-1	35.180000	35.680000	C5	80	80	0
P1-3-2	35.680000	36.180000	D#4	80	80	0
P1-3-3	36.180000	36.680000	G#4	80	80	0
P1-3-4	36.680000	36.920000	D#6	80	80	0
P1-3-5	36.920000	37.420000	D#4	80	80	0
P1-3-6	37.420000	37.920000	C5	80	80	0
P1-3-7	37.920000	38.420000	G#4	80	80	0
P1-3-8	38.420000	38.660000	C6	80	80	0
P1-3-9	38.660000	38.900000	D#5	80	80	0
P1-3-10	38.900000	39.400000	G#4	80	80	0
P1-3-11	39.400000	39.900000	B4	80	80	0
P1-3-12	39.900000	40.140000	D#5	80	80	0
P1-3-13	40.140000	40.640000	D4	80	80	0
P1-3-14	40.640000	40.880000	D#6	80	80	0
P1-3-15	40.880000	41.380000	D#4	80	80	0
P1-3-16	41.380000	41.620000	C6	80	80	0
P1-3-17	41.620000	42.120000	C5	80	80	0
P1-3-18	42.120000	42.360000	D#5	80	80	0
P1-3-19	42.360000	42.860000	G#4	80	80	0
P1-3-20	42.860000	43.360000	C5	80	80	0
P1-3-21	43.360000	43.860000	D#4	80	80	0
P1-3-22	43.860000	44.100000	D#5	80	80	0
P1-3-23	44.100000	44.340000	D#6	80	80	0
P1-3-24	44.340000	44.840000	C5	80	80	0
P1-3-25	44.840000	45.340000	D#4	80	80	0
P1-3-26	45.340000	45.580000	G#5	80	80	0
P1-3-27	45.580000	46.080000	G#4	80	80	0
P1-3-28	46.080000	46.320000	G#6	80	80	0
P1-3-29	46.320000	46.560000	D#5	80	80	0
P1-3-30	46.560000	47.060000	C#4	80	80	0
P1-3-31	47.060000	47.560000	F#4	80	80	0
P1-3-32	47.560000	48.060000	G#4	80	80	0
P1-3-33	48.060000	48.300000	G#6	80	80	0
P1-3-34	48.300000	48.800000	F4	80	80	0
P1-3-35	48.800000	49.300000	C#5	80	80	0
P1-3-36	49.300000	49.540000	F6	80	80	0
P1-3-37	49.540000	49.780000	G#5	80	80	0
P1-4-1	49.780000	50.280000	F4	80	80	0
P1-4-2	50.280000	50.780000	C#5	80	80	0
P1-4-3	50.780000	51.280000	G#4	80	80	0
P1-4-4	51.280000	51.520000	G#5	80	80	0
P1-4-5	51.520000	51.760000	G#6	80	80	0
P1-4-6	51.760000	52.260000	C#5	80	80	0
P1-4-7	52.260000	52.760000	G#4	80	80	0
P1-4-8	52.760000	53.260000	F4	80	80	0
P1-4-9	53.260000	53.500000	F6	80	80	0
P1-4-10	53.500000	53.740000	G#5	80	80	0
P1-4-11	53.740000	54.240000	C#5	80	80	0
P1-4-12	54.240000	54.740000	F4	80	80	0
P1-4-13	54.740000	55.240000	G#4	80	80	0
P1-4-14	55.240000	55.480000	G#5	80	80	0
P1-4-15	55.480000	55.720000	G#6	80	80	0
P1-4-16	55.720000	56.220000	C5	80	80	0
P1-4-17	56.220000	56.720000	D#4	80	80	0
P1-4-18	56.720000	57.220000	F4	80	80	0
P1-4-19	57.220000	57.460000	A5	80	80	0
P1-4-20	57.460000	57.700000	A6	80	80	0
P1-4-21	57.700000	57.940000	A#5	80	80	0
P1-4-22	57.940000	58.440000	C#4	80	80	0
P1-4-23	58.440000	58.940000	A#4	80	80	0
P1-4-24	58.940000	59.180000	A#6	80	80	0
P1-4-25	59.180000	59.420000	C7	80	80	0
P1-4-26	59.420000	59.920000	C4	80	80	0
