//TPQN: 50
//HmmVersion: 170101
0	0	1	CH	1	1	0	0	0	1	F#3	0	P1-1-1	
6	6	1	CH	1	1	0	0	0	1	G#2	0	P1-1-2	
12	12	1	CH	1	1	0	0	0	1	C#5	0	P1-1-3	
24	24	1	CH	1	1	0	0	0	1	C#4	0	P1-1-4	
36	36	1	CH	1	1	0	0	0	1	G#3	0	P1-1-5	
43	43	1	CH	1	1	0	0	0	1	F3	0	P1-1-6	
49	49	1	CH	1	1	0	0	0	1	C#3	0	P1-1-7	
55	55	1	CH	1	1	0	0	0	1	G#5	0	P1-1-8	
67	67	1	CH	1	1	0	0	0	1	G#4	0	P1-1-9	
79	79	1	CH	1	1	0	0	0	1	G#3	0	P1-1-10	
85	85	1	CH	1	1	0	0	0	1	G#2	0	P1-1-11	
91	91	1	CH	1	1	0	0	0	1	F#5	0	P1-1-12	
103	103	1	CH	1	1	0	0	0	1	F#4	0	P1-1-13	
115	115	1	CH	1	1	0	0	0	1	G#3	0	P1-1-14	
122	122	1	CH	1	1	0	0	0	1	F#3	0	P1-1-15	
128	128	1	CH	1	1	0	0	0	1	C3	0	P1-1-16	
134	134	1	CH	1	1	0	0	0	1	D#5	0	P1-1-17	
146	146	1	CH	1	1	0	0	0	1	D#4	0	P1-1-18	
158	158	1	CH	1	1	0	0	0	1	G#3	0	P1-1-19	
164	164	1	CH	1	1	0	0	0	1	C#2	0	P1-1-20	
170	170	1	CH	1	1	0	0	0	1	C#5	0	P1-1-21	
220	220	1	CH	1	1	0	0	0	1	C#4	0	P1-1-22	
232	232	1	CH	1	1	0	0	0	1	C#3	0	P1-1-23	
238	238	1	CH	1	1	0	0	0	1	B4	0	P1-1-24	
250	250	1	CH	1	1	0	0	0	1	F3	0	P1-1-25	
256	256	1	CH	1	1	0	0	0	1	G#4	0	P1-1-26	
268	268	1	CH	1	1	0	0	0	1	G#3	0	P1-1-27	
274	274	1	CH	1	1	0	0	0	1	C#3	0	P1-1-28	
280	280	1	CH	1	1	0	0	0	1	A#4	0	P1-1-29	
292	292	1	CH	1	1	0	0	0	1	F#3	0	P1-1-30	
298	298	1	CH	1	1	0	0	0	1	A#3	0	P1-1-31	
304	304	1	CH	1	1	0	0	0	1	F#4	0	P1-1-32	
316	316	1	CH	1	1	0	0	0	1	C#3	0	P1-1-33	
322	322	1	CH	1	1	0	0	0	1	G#4	0	P1-1-34	
334	334	1	CH	1	1	0	0	0	1	F4	0	P1-1-35	
346	346	1	CH	1	1	0	0	0	1	G#3	0	P1-1-36	
352	352	1	CH	1	1	0	0	0	1	B3	0	P1-1-37	
358	358	1	CH	1	1	0	0	0	1	C#3	0	P1-1-38	
364	364	1	CH	1	1	0	0	0	1	F#2	0	P1-1-39	
376	376	1	CH	1	1	0	0	0	1	C#4	0	P1-1-40	
382	382	1	CH	1	1	0	0	0	1	C#5	0	P1-1-41	
388	388	1	CH	1	1	0	0	0	1	C#3	0	P1-1-42	
394	394	1	CH	1	1	0	0	0	1	A#3	0	P1-1-43	
419	419	1	CH	1	1	0	0	0	1	F#4	0	P1-1-44	
425	425	1	CH	1	1	0	0	0	1	A#4	0	P1-1-45	
431	431	1	CH	1	1	0	0	0	1	C#5	0	P1-1-46	
437	437	1	CH	1	1	0	0	0	1	C#4	0	P1-1-47	
443	443	1	CH	1	1	0	0	0	1	C#5	0	P1-1-48	
449	449	1	CH	1	1	0	0	0	1	F#3	0	P1-1-49	
455	455	1	CH	1	1	0	0	0	1	A#3	0	P1-1-50	
480	480	1	CH	1	1	0	0	0	1	F#4	0	P1-1-51	
486	486	1	CH	1	1	0	0	0	1	A#4	0	P1-1-52	
492	492	1	CH	1	1	0	0	0	1	C#5	0	P1-1-53	
498	498	1	CH	1	1	0	0	0	1	E4	0	P1-1-54	
504	504	1	CH	1	1	0	0	0	1	E5	0	P1-1-55	
510	510	1	CH	1	1	0	0	0	1	F#3	0	P1-1-56	
522	522	1	CH	1	1	0	0	0	1	F#4	0	P1-1-57	
528	528	1	CH	1	1	0	0	0	1	C#5	0	P1-1-58	
534	534	1	CH	1	1	0	0	0	1	E5	0	P1-1-59	
540	540	1	CH	1	1	0	0	0	1	C#3	0	P1-1-60	
552	552	1	CH	1	1	0	0	0	1	E4	0	P1-1-61	
558	558	1	CH	1	1	0	0	0	1	E5	0	P1-1-62	
565	565	1	CH	1	1	0	0	0	1	A#2	0	P1-1-63	
577	577	1	CH	1	1	0	0	0	1	F#4	0	P1-1-64	
583	583	1	CH	1	1	0	0	0	1	C#5	0	P1-1-65	
589	589	1	CH	1	1	0	0	0	1	E5	0	P1-2-1	
595	595	1	CH	1	1	0	0	0	1	B1	0	P1-2-2	
607	607	1	CH	1	1	0	0	0	1	D#4	0	P1-2-3	
613	613	1	CH	1	1	0	0	0	1	D#5	0	P1-2-4	
619	619	1	CH	1	1	0	0	0	1	B2	0	P1-2-5	
625	625	1	CH	1	1	0	0	0	1	F#4	0	P1-2-6	
631	631	1	CH	1	1	0	0	0	1	B4	0	P1-2-7	
637	637	1	CH	1	1	0	0	0	1	D#3	0	P1-2-8	
662	662	1	CH	1	1	0	0	0	1	D#5	0	P1-2-9	
668	668	1	CH	1	1	0	0	0	1	D#4	0	P1-2-10	
674	674	1	CH	1	1	0	0	0	1	D#5	0	P1-2-11	
680	680	1	CH	1	1	0	0	0	1	B2	0	P1-2-12	
686	686	1	CH	1	1	0	0	0	1	D#3	0	P1-2-13	
711	711	1	CH	1	1	0	0	0	1	F#4	0	P1-2-14	
717	717	1	CH	1	1	0	0	0	1	B4	0	P1-2-15	
723	723	1	CH	1	1	0	0	0	1	D#5	0	P1-2-16	
729	729	1	CH	1	1	0	0	0	1	A4	0	P1-2-17	
735	735	1	CH	1	1	0	0	0	1	A5	0	P1-2-18	
741	741	1	CH	1	1	0	0	0	1	C3	0	P1-2-19	
747	747	1	CH	1	1	0	0	0	1	F#5	0	P1-2-20	
753	753	1	CH	1	1	0	0	0	1	D#5	0	P1-2-21	
759	759	1	CH	1	1	0	0	0	1	A5	0	P1-2-22	
765	765	1	CH	1	1	0	0	0	1	A2	0	P1-2-23	
771	771	1	CH	1	1	0	0	0	1	A4	0	P1-2-24	
777	777	1	CH	1	1	0	0	0	1	A5	0	P1-2-25	
784	784	1	CH	1	1	0	0	0	1	C2	0	P1-2-26	
796	796	1	CH	1	1	0	0	0	1	D#5	0	P1-2-27	
802	802	1	CH	1	1	0	0	0	1	F#5	0	P1-2-28	
808	808	1	CH	1	1	0	0	0	1	A5	0	P1-2-29	
814	814	1	CH	1	1	0	0	0	1	D#3	0	P1-2-30	
820	820	1	CH	1	1	0	0	0	1	C4	0	P1-2-31	
827	827	1	CH	1	1	0	0	0	1	C6	0	P1-2-32	
852	852	1	CH	1	1	0	0	0	1	A3	0	P1-2-33	
858	858	1	CH	1	1	0	0	0	1	F#3	0	P1-2-34	
864	864	1	CH	1	1	0	0	0	1	C4	0	P1-2-35	
870	870	1	CH	1	1	0	0	0	1	F3	0	P1-2-36	
876	876	1	CH	1	1	0	0	0	1	C4	0	P1-2-37	
882	882	1	CH	1	1	0	0	0	1	C6	0	P1-2-38	
894	894	1	CH	1	1	0	0	0	1	F#3	0	P1-2-39	
900	900	1	CH	1	1	0	0	0	1	A3	0	P1-2-40	
906	906	1	CH	1	1	0	0	0	1	C4	0	P1-2-41	
912	912	1	CH	1	1	0	0	0	1	C#3	0	P1-2-42	
918	918	1	CH	1	1	0	0	0	1	D#6	0	P1-2-43	
930	930	1	CH	1	1	0	0	0	1	C#4	0	P1-2-44	
937	937	1	CH	1	1	0	0	0	1	A#3	0	P1-2-45	
943	943	1	CH	1	1	0	0	0	1	C#6	0	P1-2-46	
955	955	1	CH	1	1	0	0	0	1	F#3	0	P1-2-47	
961	961	1	CH	1	1	0	0	0	1	C#4	0	P1-2-48	
967	967	1	CH	1	1	0	0	0	1	F3	0	P1-2-49	
973	973	1	CH	1	1	0	0	0	1	A#5	0	P1-2-50	
985	985	1	CH	1	1	0	0	0	1	C#4	0	P1-2-51	
992	992	1	CH	1	1	0	0	0	1	F#3	0	P1-2-52	
998	998	1	CH	1	1	0	0	0	1	F#5	0	P1-2-53	
1010	1010	1	CH	1	1	0	0	0	1	A#3	0	P1-2-54	
1016	1016	1	CH	1	1	0	0	0	1	C#4	0	P1-3-1	
1022	1022	1	CH	1	1	0	0	0	1	C#2	0	P1-3-2	
1028	1028	1	CH	1	1	0	0	0	1	F5	0	P1-3-3	
1040	1040	1	CH	1	1	0	0	0	1	C#3	0	P1-3-4	
1047	1047	1	CH	1	1	0	0	0	1	F3	0	P1-3-5	
1053	1053	1	CH	1	1	0	0	0	1	C#6	0	P1-3-6	
1065	1065	1	CH	1	1	0	0	0	1	C#3	0	P1-3-7	
1071	1071	1	CH	1	1	0	0	0	1	G#3	0	P1-3-8	
1077	1077	1	CH	1	1	0	0	0	1	B5	0	P1-3-9	
1089	1089	1	CH	1	1	0	0	0	1	C#3	0	P1-3-10	
1096	1096	1	CH	1	1	0	0	0	1	G#5	0	P1-3-11	
1108	1108	1	CH	1	1	0	0	0	1	B3	0	P1-3-12	
1114	1114	1	CH	1	1	0	0	0	1	C#3	0	P1-3-13	
1120	1120	1	CH	1	1	0	0	0	1	F#2	0	P1-3-14	
1126	1126	1	CH	1	1	0	0	0	1	F#5	0	P1-3-15	
1176	1176	1	CH	1	1	0	0	0	1	A#3	0	P1-3-16	
1182	1182	1	CH	1	1	0	0	0	1	C#3	0	P1-3-17	
1188	1188	1	CH	1	1	0	0	0	1	A#3	0	P1-3-18	
