//TPQN: 50
//HmmVersion: 170101
0	0	1	CH	1	1	0	0	0	1	A#4	0	P1-1-1	
25	25	1	CH	1	1	0	0	0	1	A#3	0	P1-1-2	
50	50	1	CH	1	1	0	0	0	1	D#4	0	P1-1-3	
75	75	1	CH	1	1	0	0	0	1	D#5	0	P1-1-4	
100	100	1	CH	1	1	0	0	0	1	A#3	0	P1-1-5	
125	125	1	CH	1	1	0	0	0	1	A#4	0	P1-1-6	
150	150	1	CH	1	1	0	0	0	1	G5	0	P1-1-7	
175	175	1	CH	1	1	0	0	0	1	G4	0	P1-1-8	
200	200	1	CH	1	1	0	0	0	1	D#4	0	P1-1-9	
225	225	1	CH	1	1	0	0	0	1	D#5	0	P1-1-10	
250	250	1	CH	1	1	0	0	0	1	A#3	0	P1-1-11	
275	275	1	CH	1	1	0	0	0	1	A#4	0	P1-1-12	
300	300	1	CH	1	1	0	0	0	1	G5	0	P1-1-13	
325	325	1	CH	1	1	0	0	0	1	D#4	0	P1-1-14	
350	350	1	CH	1	1	0	0	0	1	G4	0	P1-1-15	
375	375	1	CH	1	1	0	0	0	1	A#3	0	P1-1-16	
400	400	1	CH	1	1	0	0	0	1	A#4	0	P1-1-17	
425	425	1	CH	1	1	0	0	0	1	G5	0	P1-1-18	
450	450	1	CH	1	1	0	0	0	1	D#4	0	P1-1-19	
475	475	1	CH	1	1	0	0	0	1	G4	0	P1-1-20	
500	500	1	CH	1	1	0	0	0	1	G#5	0	P1-1-21	
525	525	1	CH	1	1	0	0	0	1	C5	0	P1-1-22	
550	550	1	CH	1	1	0	0	0	1	C4	0	P1-1-23	
575	575	1	CH	1	1	0	0	0	1	G#4	0	P1-1-24	
600	600	1	CH	1	1	0	0	0	1	A#5	0	P1-1-25	
625	625	1	CH	1	1	0	0	0	1	A#4	0	P1-1-26	
650	650	1	CH	1	1	0	0	0	1	C#5	0	P1-1-27	
675	675	1	CH	1	1	0	0	0	1	C#5	0	P1-1-28	
700	700	1	CH	1	1	0	0	0	1	G#3	0	P1-1-29	
800	800	1	CH	1	1	0	0	0	1	D#5	0	P1-1-30	
825	825	1	CH	1	1	0	0	0	1	C4	0	P1-1-31	
850	850	1	CH	1	1	0	0	0	1	D#4	0	P1-1-32	
875	875	1	CH	1	1	0	0	0	1	C5	0	P1-1-33	
887	887	1	CH	1	1	0	0	0	1	G#5	0	P1-1-34	
899	899	1	CH	1	1	0	0	0	1	G#4	0	P1-1-35	
924	924	1	CH	1	1	0	0	0	1	G#5	0	P1-2-1	
949	949	1	CH	1	1	0	0	0	1	C4	0	P1-2-2	
974	974	1	CH	1	1	0	0	0	1	C5	0	P1-2-3	
999	999	1	CH	1	1	0	0	0	1	D#5	0	P1-2-4	
1024	1024	1	CH	1	1	0	0	0	1	D#4	0	P1-2-5	
1049	1049	1	CH	1	1	0	0	0	1	G#4	0	P1-2-6	
1074	1074	1	CH	1	1	0	0	0	1	C4	0	P1-2-7	
1099	1099	1	CH	1	1	0	0	0	1	G#5	0	P1-2-8	
1124	1124	1	CH	1	1	0	0	0	1	G#4	0	P1-2-9	
1149	1149	1	CH	1	1	0	0	0	1	D#5	0	P1-2-10	
1174	1174	1	CH	1	1	0	0	0	1	C5	0	P1-2-11	
1199	1199	1	CH	1	1	0	0	0	1	D#4	0	P1-2-12	
1224	1224	1	CH	1	1	0	0	0	1	G#5	0	P1-2-13	
1249	1249	1	CH	1	1	0	0	0	1	D#4	0	P1-2-14	
1274	1274	1	CH	1	1	0	0	0	1	C4	0	P1-2-15	
1299	1299	1	CH	1	1	0	0	0	1	G#4	0	P1-2-16	
1324	1324	1	CH	1	1	0	0	0	1	D#5	0	P1-2-17	
1349	1349	1	CH	1	1	0	0	0	1	D#5	0	P1-2-18	
1361	1361	1	CH	1	1	0	0	0	1	D#4	0	P1-2-19	
1386	1386	1	CH	1	1	0	0	0	1	C4	0	P1-2-20	
1411	1411	1	CH	1	1	0	0	0	1	D#6	0	P1-2-21	
1423	1423	1	CH	1	1	0	0	0	1	G#4	0	P1-2-22	
1448	1448	1	CH	1	1	0	0	0	1	D#4	0	P1-2-23	
1473	1473	1	CH	1	1	0	0	0	1	G#5	0	P1-2-24	
1485	1485	1	CH	1	1	0	0	0	1	D#6	0	P1-2-25	
1497	1497	1	CH	1	1	0	0	0	1	A#4	0	P1-2-26	
1522	1522	1	CH	1	1	0	0	0	1	G4	0	P1-2-27	
1547	1547	1	CH	1	1	0	0	0	1	D#4	0	P1-2-28	
1572	1572	1	CH	1	1	0	0	0	1	A#5	0	P1-2-29	
1584	1584	1	CH	1	1	0	0	0	1	D#6	0	P1-2-30	
1596	1596	1	CH	1	1	0	0	0	1	G#3	0	P1-2-31	
1608	1608	1	CH	1	1	0	0	0	1	D#5	0	P1-2-32	
1621	1621	1	CH	1	1	0	0	0	1	D#6	0	P1-2-33	
1633	1633	1	CH	1	1	0	0	0	1	C5	0	P1-2-34	
1658	1658	1	CH	1	1	0	0	0	1	G#4	0	P1-2-35	
1683	1683	1	CH	1	1	0	0	0	1	C6	0	P1-2-36	
1695	1695	1	CH	1	1	0	0	0	1	D#4	0	P1-2-37	
1720	1720	1	CH	1	1	0	0	0	1	D#5	0	P1-2-38	
1732	1732	1	CH	1	1	0	0	0	1	C5	0	P1-3-1	
1757	1757	1	CH	1	1	0	0	0	1	D#4	0	P1-3-2	
1782	1782	1	CH	1	1	0	0	0	1	G#4	0	P1-3-3	
1807	1807	1	CH	1	1	0	0	0	1	D#6	0	P1-3-4	
1819	1819	1	CH	1	1	0	0	0	1	D#4	0	P1-3-5	
1844	1844	1	CH	1	1	0	0	0	1	C5	0	P1-3-6	
1869	1869	1	CH	1	1	0	0	0	1	G#4	0	P1-3-7	
1894	1894	1	CH	1	1	0	0	0	1	C6	0	P1-3-8	
1906	1906	1	CH	1	1	0	0	0	1	D#5	0	P1-3-9	
1918	1918	1	CH	1	1	0	0	0	1	G#4	0	P1-3-10	
1943	1943	1	CH	1	1	0	0	0	1	B4	0	P1-3-11	
1968	1968	1	CH	1	1	0	0	0	1	D#5	0	P1-3-12	
1980	1980	1	CH	1	1	0	0	0	1	D4	0	P1-3-13	
2005	2005	1	CH	1	1	0	0	0	1	D#6	0	P1-3-14	
2017	2017	1	CH	1	1	0	0	0	1	D#4	0	P1-3-15	
2029	2029	1	CH	1	1	0	0	0	1	C6	0	P1-3-16	
2041	2041	1	CH	1	1	0	0	0	1	C5	0	P1-3-17	
2054	2054	1	CH	1	1	0	0	0	1	D#5	0	P1-3-18	
2066	2066	1	CH	1	1	0	0	0	1	G#4	0	P1-3-19	
2091	2091	1	CH	1	1	0	0	0	1	C5	0	P1-3-20	
2116	2116	1	CH	1	1	0	0	0	1	D#4	0	P1-3-21	
2141	2141	1	CH	1	1	0	0	0	1	D#5	0	P1-3-22	
2153	2153	1	CH	1	1	0	0	0	1	D#6	0	P1-3-23	
2165	2165	1	CH	1	1	0	0	0	1	C5	0	P1-3-24	
2190	2190	1	CH	1	1	0	0	0	1	D#4	0	P1-3-25	
2215	2215	1	CH	1	1	0	0	0	1	G#5	0	P1-3-26	
2227	2227	1	CH	1	1	0	0	0	1	G#4	0	P1-3-27	
2252	2252	1	CH	1	1	0	0	0	1	G#6	0	P1-3-28	
2264	2264	1	CH	1	1	0	0	0	1	D#5	0	P1-3-29	
2289	2289	1	CH	1	1	0	0	0	1	C#4	0	P1-3-30	
2389	2389	1	CH	1	1	0	0	0	1	F#4	0	P1-3-31	
2414	2414	1	CH	1	1	0	0	0	1	G#4	0	P1-3-32	
2439	2439	1	CH	1	1	0	0	0	1	G#6	0	P1-3-33	
2451	2451	1	CH	1	1	0	0	0	1	F4	0	P1-3-34	
2476	2476	1	CH	1	1	0	0	0	1	C#5	0	P1-3-35	
2501	2501	1	CH	1	1	0	0	0	1	F6	0	P1-3-36	
2513	2513	1	CH	1	1	0	0	0	1	G#5	0	P1-3-37	
2525	2525	1	CH	1	1	0	0	0	1	F4	0	P1-4-1	
2550	2550	1	CH	1	1	0	0	0	1	C#5	0	P1-4-2	
2575	2575	1	CH	1	1	0	0	0	1	G#4	0	P1-4-3	
2600	2600	1	CH	1	1	0	0	0	1	G#5	0	P1-4-4	
2612	2612	1	CH	1	1	0	0	0	1	G#6	0	P1-4-5	
2624	2624	1	CH	1	1	0	0	0	1	C#5	0	P1-4-6	
2649	2649	1	CH	1	1	0	0	0	1	G#4	0	P1-4-7	
2674	2674	1	CH	1	1	0	0	0	1	F4	0	P1-4-8	
2699	2699	1	CH	1	1	0	0	0	1	F6	0	P1-4-9	
2711	2711	1	CH	1	1	0	0	0	1	G#5	0	P1-4-10	
2723	2723	1	CH	1	1	0	0	0	1	C#5	0	P1-4-11	
2748	2748	1	CH	1	1	0	0	0	1	F4	0	P1-4-12	
2773	2773	1	CH	1	1	0	0	0	1	G#4	0	P1-4-13	
2798	2798	1	CH	1	1	0	0	0	1	G#5	0	P1-4-14	
2810	2810	1	CH	1	1	0	0	0	1	G#6	0	P1-4-15	
2822	2822	1	CH	1	1	0	0	0	1	C5	0	P1-4-16	
2847	2847	1	CH	1	1	0	0	0	1	D#4	0	P1-4-17	
2872	2872	1	CH	1	1	0	0	0	1	F4	0	P1-4-18	
2897	2897	1	CH	1	1	0	0	0	1	A5	0	P1-4-19	
2909	2909	1	CH	1	1	0	0	0	1	A6	0	P1-4-20	
2921	2921	1	CH	1	1	0	0	0	1	A#5	0	P1-4-21	
2933	2933	1	CH	1	1	0	0	0	1	C#4	0	P1-4-22	
2958	2958	1	CH	1	1	0	0	0	1	A#4	0	P1-4-23	
2983	2983	1	CH	1	1	0	0	0	1	A#6	0	P1-4-24	
2995	2995	1	CH	1	1	0	0	0	1	C7	0	P1-4-25	
3007	3007	1	CH	1	1	0	0	0	1	C4	0	P1-4-26	
