0 490254
1 720800
2 2126661
3 3641424
4 10960513
5 5038457
6 19996326
7 327102
8 58569952
9 373629
10 1299388
11 1438792
12 105177519
13 198222
14 118499
15 65759
16 2475292
17 59647401
18 399069
19 656769
20 140707
21 167206
22 169713
23 46649
24 1084348
25 67759050
26 29088
27 28387
28 33080
29 88577
30 200070
31 61152
32 124452
33 6496817
34 17150
35 20396
36 152426
37 3060861
38 71673
39 5063
40 45833
41 21099
42 492720
43 172637
44 146023
45 26460
46 16801
47 397217
48 14861
49 24480
50 37410090
51 20310
52 6732
53 26050
54 7352
55 16711
56 12755
57 3920
58 59768
59 12953
60 23874
61 12947
62 375647
63 6913
64 4477
65 1242
66 5723
67 536779
68 12456
69 35399
70 1656
71 14739
72 4685
73 19317
74 6401
75 2920483
76 6210
77 9956
78 6754
79 9108
80 15149
81 10616
82 4828
83 310140
84 3450
85 3814
86 24914
87 203960
88 12317
89 3174
90 4740
91 1794
92 24012
93 24427
94 53655
95 70171
96 1965
97 10001
98 5209
99 12558
100 9424511
101 4140
102 6950
103 2252
104 1896
105 966
106 2070
107 4389
108 16698
109 617
110 1794
111 1363
112 64464
113 1036
114 1431
115 276
116 1518
117 94512
118 944
119 11317
120 1242
121 515
122 414
123 5699
124 2484
125 319008
126 5520
127 3058
128 7246
129 377
130 1328
131 414
132 1757
133 76692
134 17388
136 1656
137 37693
138 995
139 2346
140 414
141 9261
142 8412
143 2486
144 401
145 2346
146 4554
147 1518
148 7176
149 8004
150 3101439
151 7314
153 1518
154 276
155 717
156 138
160 1518
161 9613
162 11004
163 138
164 138
165 690
166 552
167 25463
168 828
169 453
170 49
171 283
172 276
173 2230
174 837
175 61509
179 3312
180 10929
181 2070
183 27822
184 2864
187 50503
188 7218
189 278
190 7066
191 276
193 11730
194 3312
195 653
197 2800
198 2070
199 5658
200 1828049
202 828
206 2484
208 1428
209 2346
211 1707
212 23167
214 4002
215 488
217 2500
218 1104
220 276
222 112
225 84650
226 3174
228 34
233 2142
237 4899
238 276
242 3864
246 2258
250 273106
260 105
262 954
266 7728
267 9522
268 276
269 3312
275 4708
281 690
283 1578
285 2060
286 966
290 1656
291 3726
293 1932
294 276
295 146
300 357894
310 276
312 842
316 552
317 30498
318 417
325 5724
326 3312
333 43884
337 1699
343 2019
344 1380
347 828
348 1112
350 114919
351 2208
363 327
367 27834
375 16197
380 319
383 4164
387 1380
388 4312
390 1037
393 1656
400 194879
407 1656
412 1
425 2183
428 828
430 1380
433 1686
437 828
450 47807
464 70
466 1104
474 12558
487 54
491 1242
492 276
500 11341
528 627
550 828
553 276
570 138
576 6500
578 764
600 60732
617 414
619 276
622 1656
633 1518
642 1518
650 5658
700 138
750 8004
775 57
800 6072
850 462
855 138
900 2720
999 7829
